1,1,0,0,0,0,0,0
2,1,0,0,0,0,0,0
3,1,0,0,0,0,0,0
4,1,0,0,0,0,0,0
5,1,0,0,0,0,0,0
6,1,0,0,0,0,0,0
7,1,0,0,0,0,0,0
8,1,0,0,0,0,0,0
9,1,0,0,0,0,0,0
10,1,0,0,0,0,0,0
11,1,0,0,0,0,0,0
12,1,0,0,0,0,0,0
13,1,0,0,0,0,0,0
14,1,0,0,0,0,0,0
15,1,0,0,0,0,0,0
16,1,0,0,0,0,0,0
17,1,0,0,0,0,0,0
18,1,0,0,0,0,0,0
19,1,0,0,0,0,0,0
20,1,0,0,0,0,0,0
21,1,0,0,0,0,0,0
22,1,0,0,0,0,0,0
23,1,0,0,0,0,0,0
24,1,0,0,0,0,0,0
25,1,0,0,0,0,0,0
26,1,0,0,0,0,0,0
27,1,0,0,0,0,0,0
28,1,0,0,0,0,0,0
29,1,0,0,0,0,0,0
30,1,0,0,0,0,0,0
31,1,0,0,0,0,0,0
32,1,0,0,0,0,0,0
33,1,0,0,0,0,0,0
34,1,0,0,0,0,0,0
35,1,0,0,0,0,0,0
36,1,0,0,0,0,0,0
37,1,0,0,0,0,0,0
38,1,0,0,0,0,0,0
39,1,0,0,0,0,0,0
40,1,0,0,0,0,0,0
41,1,0,0,0,0,0,0
42,1,0,0,0,0,0,0
43,1,0,0,0,0,0,0
44,1,0,0,0,0,0,0
45,1,0,0,0,0,0,0
46,1,0,0,0,0,0,0
47,1,0,0,0,0,0,0
48,1,0,0,0,0,0,0
49,1,0,0,0,0,0,0
50,1,0,0,0,0,0,0
51,1,0,0,0,0,0,0
52,1,0,0,0,0,0,0
53,1,0,0,0,0,0,0
54,1,0,0,0,0,0,0
55,1,0,0,0,0,0,0
56,1,0,0,0,0,0,0
57,1,0,0,0,0,0,0
58,1,0,0,0,0,0,0
59,1,0,0,0,0,0,0
60,1,0,0,0,0,0,0
61,1,0,0,0,0,0,0
62,1,0,0,0,0,0,0
63,1,0,0,0,0,0,0
64,1,0,0,0,0,0,0
65,1,0,0,0,0,0,0
66,1,0,0,0,0,0,0
67,1,0,0,0,0,0,0
68,1,0,0,0,0,0,0
69,1,0,0,0,0,0,0
70,1,0,0,0,0,0,0
71,1,0,0,0,0,0,0
72,1,0,0,0,0,0,0
73,1,0,0,0,0,0,0
74,1,0,0,0,0,0,0
75,1,0,0,0,0,0,0
76,1,0,0,0,0,0,0
77,1,0,0,0,0,0,0
78,1,0,0,0,0,0,0
79,1,0,0,0,0,0,0
80,1,0,0,0,0,0,0
81,1,0,0,0,0,0,0
82,1,0,0,0,0,0,0
83,1,0,0,0,0,0,0
84,1,0,0,0,0,0,0
85,1,0,0,0,0,0,0
86,1,0,0,0,0,0,0
87,1,0,0,0,0,0,0
88,1,0,0,0,0,0,0
89,1,0,0,0,0,0,0
90,1,0,0,0,0,0,0
91,1,0,0,0,0,0,0
92,1,0,0,0,0,0,0
93,1,0,0,0,0,0,0
94,1,0,0,0,0,0,0
95,1,0,0,0,0,0,0
96,1,0,0,0,0,0,0
97,1,0,0,0,0,0,0
98,1,0,0,0,0,0,0
99,1,0,0,0,0,0,0
100,1,0,0,0,0,0,0
101,1,0,0,0,0,0,0
102,1,0,0,0,0,0,0
103,1,0,0,0,0,0,0
104,1,0,0,0,0,0,0
105,1,0,0,0,0,0,0
106,1,0,0,0,0,0,0
107,1,0,0,0,0,0,0
108,1,0,0,0,0,0,0
109,1,0,0,0,0,0,0
110,1,0,0,0,0,0,0
111,1,0,0,0,0,0,0
112,1,0,0,0,0,0,0
113,1,0,0,0,0,0,0
114,1,0,0,0,0,0,0
115,1,0,0,0,0,0,0
116,1,0,0,0,0,0,0
117,1,0,0,0,0,0,0
118,1,0,0,0,0,0,0
119,1,0,0,0,0,0,0
120,1,0,0,0,0,0,0
121,1,0,0,0,0,0,0
122,1,0,0,0,0,0,0
123,1,0,0,0,0,0,0
124,1,0,0,0,0,0,0
125,1,0,0,0,0,0,0
126,1,0,0,0,0,0,0
127,1,0,0,0,0,0,0
128,1,0,0,0,0,0,0
129,1,0,0,0,0,0,0
130,1,0,0,0,0,0,0
131,1,0,0,0,0,0,0
132,1,0,0,0,0,0,0
133,1,0,0,0,0,0,0
134,1,0,0,0,0,0,0
135,1,0,0,0,0,0,0
136,1,0,0,0,0,0,0
137,1,0,0,0,0,0,0
138,1,0,0,0,0,0,0
139,1,0,0,0,0,0,0
140,1,0,0,0,0,0,0
141,1,0,0,0,0,0,0
142,1,0,0,0,0,0,0
143,1,0,0,0,0,0,0
144,1,0,0,0,0,0,0
145,1,0,0,0,0,0,0
146,1,0,0,0,0,0,0
147,1,0,0,0,0,0,0
148,1,0,0,0,0,0,0
149,1,0,0,0,0,0,0
150,1,0,0,0,0,0,0
151,1,0,0,0,0,0,0
152,1,0,0,0,0,0,0
153,1,0,0,0,0,0,0
154,1,0,0,0,0,0,0
155,1,0,0,0,0,0,0
156,1,0,0,0,0,0,0
157,1,0,0,0,0,0,0
158,1,0,0,0,0,0,0
159,1,0,0,0,0,0,0
160,1,0,0,0,0,0,0
161,1,0,0,0,0,0,0
162,1,0,0,0,0,0,0
163,1,0,0,0,0,0,0
164,1,0,0,0,0,0,0
165,1,0,0,0,0,0,0
166,1,0,0,0,0,0,0
167,1,0,0,0,0,0,0
168,1,0,0,0,0,0,0
169,1,0,0,0,0,0,0
170,1,0,0,0,0,0,0
171,1,0,0,0,0,0,0
172,1,0,0,0,0,0,0
173,1,0,0,0,0,0,0
174,1,0,0,0,0,0,0
175,1,0,0,0,0,0,0
176,1,0,0,0,0,0,0
177,1,0,0,0,0,0,0
178,1,0,0,0,0,0,0
179,1,0,0,0,0,0,0
180,1,0,0,0,0,0,0
181,1,0,0,0,0,0,0
182,1,0,0,0,0,0,0
183,1,0,0,0,0,0,0
184,1,0,0,0,0,0,0
185,1,0,0,0,0,0,0
186,1,0,0,0,0,0,0
187,1,0,0,0,0,0,0
188,1,0,0,0,0,0,0
189,1,0,0,0,0,0,0
190,1,0,0,0,0,0,0
191,1,0,0,0,0,0,0
192,1,0,0,0,0,0,0
193,1,0,0,0,0,0,0
194,1,0,0,0,0,0,0
195,1,0,0,0,0,0,0
196,1,0,0,0,0,0,0
197,1,0,0,0,0,0,0
198,1,0,0,0,0,0,0
199,1,0,0,0,0,0,0
200,1,0,0,0,0,0,0
201,1,0,0,0,0,0,0
202,1,0,0,0,0,0,0
203,1,0,0,0,0,0,0
204,1,0,0,0,0,0,0
205,1,0,0,0,0,0,0
206,1,0,0,0,0,0,0
207,1,0,0,0,0,0,0
208,1,0,0,0,0,0,0
209,1,0,0,0,0,0,0
210,1,0,0,0,0,0,0
211,1,0,0,0,0,0,0
212,1,0,0,0,0,0,0
213,1,0,0,0,0,0,0
214,1,0,0,0,0,0,0
215,1,0,0,0,0,0,0
216,1,0,0,0,0,0,0
217,1,0,0,0,0,0,0
218,1,0,0,0,0,0,0
219,1,0,0,0,0,0,0
220,1,0,0,0,0,0,0
221,1,0,0,0,0,0,0
222,1,0,0,0,0,0,0
223,1,0,0,0,0,0,0
224,1,0,0,0,0,0,0
225,1,0,0,0,0,0,0
226,1,0,0,0,0,0,0
227,1,0,0,0,0,0,0
228,1,0,0,0,0,0,0
229,1,0,0,0,0,0,0
230,1,0,0,0,0,0,0
231,1,0,0,0,0,0,0
232,1,0,0,0,0,0,0
233,1,0,0,0,0,0,0
234,1,0,0,0,0,0,0
235,1,0,0,0,0,0,0
236,1,0,0,0,0,0,0
237,1,0,0,0,0,0,0
238,1,0,0,0,0,0,0
239,1,0,0,0,0,0,0
240,1,0,0,0,0,0,0
241,1,0,0,0,0,0,0
242,1,0,0,0,0,0,0
243,1,0,0,0,0,0,0
244,1,0,0,0,0,0,0
245,1,0,0,0,0,0,0
246,1,0,0,0,0,0,0
247,1,0,0,0,0,0,0
248,1,0,0,0,0,0,0
249,1,0,0,0,0,0,0
250,1,0,0,0,0,0,0
251,1,0,0,0,0,0,0
252,1,0,0,0,0,0,0
253,1,0,0,0,0,0,0
254,1,0,0,0,0,0,0
255,1,0,0,0,0,0,0
256,1,0,0,0,0,0,0
257,1,0,0,0,0,0,0
258,1,0,0,0,0,0,0
259,1,0,0,0,0,0,0
260,1,0,0,0,0,0,0
261,1,0,0,0,0,0,0
262,1,0,0,0,0,0,0
263,1,0,0,0,0,0,0
264,1,0,0,0,0,0,0
265,1,0,0,0,0,0,0
266,1,0,0,0,0,0,0
267,1,0,0,0,0,0,0
268,1,0,0,0,0,0,0
269,1,0,0,0,0,0,0
270,1,0,0,0,0,0,0
271,1,0,0,0,0,0,0
272,1,0,0,0,0,0,0
273,1,0,0,0,0,0,0
274,1,0,0,0,0,0,0
275,1,0,0,0,0,0,0
276,1,0,0,0,0,0,0
277,1,0,0,0,0,0,0
278,1,0,0,0,0,0,0
279,1,0,0,0,0,0,0
280,1,0,0,0,0,0,0
281,1,0,0,0,0,0,0
282,1,0,0,0,0,0,0
283,1,0,0,0,0,0,0
284,1,0,0,0,0,0,0
285,1,0,0,0,0,0,0
286,1,0,0,0,0,0,0
287,1,0,0,0,0,0,0
288,1,0,0,0,0,0,0
289,1,0,0,0,0,0,0
290,1,0,0,0,0,0,0
291,1,0,0,0,0,0,0
292,1,0,0,0,0,0,0
293,1,0,0,0,0,0,0
294,1,0,0,0,0,0,0
295,1,0,0,0,0,0,0
296,1,0,0,0,0,0,0
297,1,0,0,0,0,0,0
298,1,0,0,0,0,0,0
299,1,0,0,0,0,0,0
300,1,0,0,0,0,0,0
301,1,0,0,0,0,0,0
302,1,0,0,0,0,0,0
303,1,0,0,0,0,0,0
304,1,0,0,0,0,0,0
305,1,0,0,0,0,0,0
306,1,0,0,0,0,0,0
307,1,0,0,0,0,0,0
308,1,0,0,0,0,0,0
309,1,0,0,0,0,0,0
310,1,0,0,0,0,0,0
311,1,0,0,0,0,0,0
312,1,0,0,0,0,0,0
313,1,0,0,0,0,0,0
314,1,0,0,0,0,0,0
315,1,0,0,0,0,0,0
316,1,0,0,0,0,0,0
317,1,0,0,0,0,0,0
318,1,0,0,0,0,0,0
319,1,0,0,0,0,0,0
320,1,0,0,0,0,0,0
321,1,0,0,0,0,0,0
322,1,0,0,0,0,0,0
323,1,0,0,0,0,0,0
324,1,0,0,0,0,0,0
325,1,0,0,0,0,0,0
326,1,0,0,0,0,0,0
327,1,0,0,0,0,0,0
328,1,0,0,0,0,0,0
329,1,0,0,0,0,0,0
330,1,0,0,0,0,0,0
331,1,0,0,0,0,0,0
332,1,0,0,0,0,0,0
333,1,0,0,0,0,0,0
334,1,0,0,0,0,0,0
335,1,0,0,0,0,0,0
336,1,0,0,0,0,0,0
337,1,0,0,0,0,0,0
338,1,0,0,0,0,0,0
339,1,0,0,0,0,0,0
340,1,0,0,0,0,0,0
341,1,0,0,0,0,0,0
342,1,0,0,0,0,0,0
343,1,0,0,0,0,0,0
344,1,0,0,0,0,0,0
345,1,0,0,0,0,0,0
346,1,0,0,0,0,0,0
347,1,0,0,0,0,0,0
348,1,0,0,0,0,0,0
349,1,0,0,0,0,0,0
350,1,0,0,0,0,0,0
351,1,0,0,0,0,0,0
352,1,0,0,0,0,0,0
353,1,0,0,0,0,0,0
354,1,0,0,0,0,0,0
355,1,0,0,0,0,0,0
356,1,0,0,0,0,0,0
357,1,0,0,0,0,0,0
358,1,0,0,0,0,0,0
359,1,0,0,0,0,0,0
360,1,0,0,0,0,0,0
361,1,0,0,0,0,0,0
362,1,0,0,0,0,0,0
363,1,0,0,0,0,0,0
364,1,0,0,0,0,0,0
365,1,0,0,0,0,0,0
366,1,0,0,0,0,0,0
367,1,0,0,0,0,0,0
368,1,0,0,0,0,0,0
369,1,0,0,0,0,0,0
370,1,0,0,0,0,0,0
371,1,0,0,0,0,0,0
372,1,0,0,0,0,0,0
373,1,0,0,0,0,0,0
374,1,0,0,0,0,0,0
375,1,0,0,0,0,0,0
376,1,0,0,0,0,0,0
377,1,0,0,0,0,0,0
378,1,0,0,0,0,0,0
379,1,0,0,0,0,0,0
380,1,0,0,0,0,0,0
381,1,0,0,0,0,0,0
382,1,0,0,0,0,0,0
383,1,0,0,0,0,0,0
384,1,0,0,0,0,0,0
385,1,0,0,0,0,0,0
386,1,0,0,0,0,0,0
387,1,0,0,0,0,0,0
388,1,0,0,0,0,0,0
389,1,0,0,0,0,0,0
390,1,0,0,0,0,0,0
391,1,0,0,0,0,0,0
392,1,0,0,0,0,0,0
393,1,0,0,0,0,0,0
394,1,0,0,0,0,0,0
395,1,0,0,0,0,0,0
396,1,0,0,0,0,0,0
397,1,0,0,0,0,0,0
398,1,0,0,0,0,0,0
399,1,0,0,0,0,0,0
400,1,0,0,0,0,0,0
401,1,0,0,0,0,0,0
402,1,0,0,0,0,0,0
403,1,0,0,0,0,0,0
404,1,0,0,0,0,0,0
405,1,0,0,0,0,0,0
406,1,0,0,0,0,0,0
407,1,0,0,0,0,0,0
408,1,0,0,0,0,0,0
409,1,0,0,0,0,0,0
410,1,0,0,0,0,0,0
411,1,0,0,0,0,0,0
412,1,0,0,0,0,0,0
413,1,0,0,0,0,0,0
414,1,0,0,0,0,0,0
415,1,0,0,0,0,0,0
416,1,0,0,0,0,0,0
417,1,0,0,0,0,0,0
418,1,0,0,0,0,0,0
419,1,0,0,0,0,0,0
420,1,0,0,0,0,0,0
421,1,0,0,0,0,0,0
422,1,0,0,0,0,0,0
423,1,0,0,0,0,0,0
424,1,0,0,0,0,0,0
425,1,0,0,0,0,0,0
426,1,0,0,0,0,0,0
427,1,0,0,0,0,0,0
428,1,0,0,0,0,0,0
429,1,0,0,0,0,0,0
430,1,0,0,0,0,0,0
431,1,0,0,0,0,0,0
432,1,0,0,0,0,0,0
433,1,0,0,0,0,0,0
434,1,0,0,0,0,0,0
435,1,0,0,0,0,0,0
436,1,0,0,0,0,0,0
437,1,0,0,0,0,0,0
438,1,0,0,0,0,0,0
439,1,0,0,0,0,0,0
440,1,0,0,0,0,0,0
441,1,0,0,0,0,0,0
442,1,0,0,0,0,0,0
443,1,0,0,0,0,0,0
444,1,0,0,0,0,0,0
445,1,0,0,0,0,0,0
446,1,0,0,0,0,0,0
447,1,0,0,0,0,0,0
448,1,0,0,0,0,0,0
449,1,0,0,0,0,0,0
450,1,0,0,0,0,0,0
451,1,0,0,0,0,0,0
452,1,0,0,0,0,0,0
453,1,0,0,0,0,0,0
454,1,0,0,0,0,0,0
455,1,0,0,0,0,0,0
456,1,0,0,0,0,0,0
457,1,0,0,0,0,0,0
458,1,0,0,0,0,0,0
459,1,0,0,0,0,0,0
460,1,0,0,0,0,0,0
461,1,0,0,0,0,0,0
462,1,0,0,0,0,0,0
463,1,0,0,0,0,0,0
464,1,0,0,0,0,0,0
465,1,0,0,0,0,0,0
466,1,0,0,0,0,0,0
467,1,0,0,0,0,0,0
468,1,0,0,0,0,0,0
469,1,0,0,0,0,0,0
470,1,0,0,0,0,0,0
471,1,0,0,0,0,0,0
472,1,0,0,0,0,0,0
473,1,0,0,0,0,0,0
474,1,0,0,0,0,0,0
475,1,0,0,0,0,0,0
476,1,0,0,0,0,0,0
477,1,0,0,0,0,0,0
478,1,0,0,0,0,0,0
479,1,0,0,0,0,0,0
480,1,0,0,0,0,0,0
481,1,0,0,0,0,0,0
482,1,0,0,0,0,0,0
483,1,0,0,0,0,0,0
484,1,0,0,0,0,0,0
485,1,0,0,0,0,0,0
486,1,0,0,0,0,0,0
487,1,0,0,0,0,0,0
488,1,0,0,0,0,0,0
489,1,0,0,0,0,0,0
490,1,0,0,0,0,0,0
491,1,0,0,0,0,0,0
492,1,0,0,0,0,0,0
493,1,0,0,0,0,0,0
494,1,0,0,0,0,0,0
495,1,0,0,0,0,0,0
496,1,0,0,0,0,0,0
497,1,0,0,0,0,0,0
498,1,0,0,0,0,0,0
499,1,0,0,0,0,0,0
500,1,0,0,0,0,0,0
501,1,0,0,0,0,0,0
502,1,0,0,0,0,0,0
503,1,0,0,0,0,0,0
504,1,0,0,0,0,0,0
505,1,0,0,0,0,0,0
506,1,0,0,0,0,0,0
507,1,0,0,0,0,0,0
508,1,0,0,0,0,0,0
509,1,0,0,0,0,0,0
510,1,0,0,0,0,0,0
511,1,0,0,0,0,0,0
512,1,0,0,0,0,0,0
513,1,0,0,0,0,0,0
514,1,0,0,0,0,0,0
515,1,0,0,0,0,0,0
516,1,0,0,0,0,0,0
517,1,0,0,0,0,0,0
518,1,0,0,0,0,0,0
519,1,0,0,0,0,0,0
520,1,0,0,0,0,0,0
521,1,0,0,0,0,0,0
522,1,0,0,0,0,0,0
523,1,0,0,0,0,0,0
524,1,0,0,0,0,0,0
525,1,0,0,0,0,0,0
526,1,0,0,0,0,0,0
527,1,0,0,0,0,0,0
528,1,0,0,0,0,0,0
529,1,0,0,0,0,0,0
530,1,0,0,0,0,0,0
531,1,0,0,0,0,0,0
532,1,0,0,0,0,0,0
533,1,0,0,0,0,0,0
534,1,0,0,0,0,0,0
535,1,0,0,0,0,0,0
536,1,0,0,0,0,0,0
537,1,0,0,0,0,0,0
538,1,0,0,0,0,0,0
539,1,0,0,0,0,0,0
540,1,0,0,0,0,0,0
541,1,0,0,0,0,0,0
542,1,0,0,0,0,0,0
543,1,0,0,0,0,0,0
544,1,0,0,0,0,0,0
545,1,0,0,0,0,0,0
546,1,0,0,0,0,0,0
547,1,0,0,0,0,0,0
548,1,0,0,0,0,0,0
549,1,0,0,0,0,0,0
550,1,0,0,0,0,0,0
551,1,0,0,0,0,0,0
552,1,0,0,0,0,0,0
553,1,0,0,0,0,0,0
554,1,0,0,0,0,0,0
555,1,0,0,0,0,0,0
556,1,0,0,0,0,0,0
557,1,0,0,0,0,0,0
558,1,0,0,0,0,0,0
559,1,0,0,0,0,0,0
560,1,0,0,0,0,0,0
561,1,0,0,0,0,0,0
562,1,0,0,0,0,0,0
563,1,0,0,0,0,0,0
564,1,0,0,0,0,0,0
565,1,0,0,0,0,0,0
566,1,0,0,0,0,0,0
567,1,0,0,0,0,0,0
568,1,0,0,0,0,0,0
569,1,0,0,0,0,0,0
570,1,0,0,0,0,0,0
571,1,0,0,0,0,0,0
572,1,0,0,0,0,0,0
573,1,0,0,0,0,0,0
574,1,0,0,0,0,0,0
575,1,0,0,0,0,0,0
576,1,0,0,0,0,0,0
577,1,0,0,0,0,0,0
578,1,0,0,0,0,0,0
579,1,0,0,0,0,0,0
580,1,0,0,0,0,0,0
581,1,0,0,0,0,0,0
582,1,0,0,0,0,0,0
583,1,0,0,0,0,0,0
584,1,0,0,0,0,0,0
585,1,0,0,0,0,0,0
586,1,0,0,0,0,0,0
587,1,0,0,0,0,0,0
588,1,0,0,0,0,0,0
589,1,0,0,0,0,0,0
590,1,0,0,0,0,0,0
591,1,0,0,0,0,0,0
592,1,0,0,0,0,0,0
593,1,0,0,0,0,0,0
594,1,0,0,0,0,0,0
595,1,0,0,0,0,0,0
596,1,0,0,0,0,0,0
597,1,0,0,0,0,0,0
598,1,0,0,0,0,0,0
599,1,0,0,0,0,0,0
600,1,0,0,0,0,0,0
601,1,0,0,0,0,0,0
602,1,0,0,0,0,0,0
603,1,0,0,0,0,0,0
604,1,0,0,0,0,0,0
605,1,0,0,0,0,0,0
606,1,0,0,0,0,0,0
607,1,0,0,0,0,0,0
608,1,0,0,0,0,0,0
609,1,0,0,0,0,0,0
610,1,0,0,0,0,0,0
611,1,0,0,0,0,0,0
612,1,0,0,0,0,0,0
613,1,0,0,0,0,0,0
614,1,0,0,0,0,0,0
615,1,0,0,0,0,0,0
616,1,0,0,0,0,0,0
617,1,0,0,0,0,0,0
618,1,0,0,0,0,0,0
619,1,0,0,0,0,0,0
620,1,0,0,0,0,0,0
621,1,0,0,0,0,0,0
622,1,0,0,0,0,0,0
623,1,0,0,0,0,0,0
624,1,0,0,0,0,0,0
625,1,0,0,0,0,0,0
626,1,0,0,0,0,0,0
627,1,0,0,0,0,0,0
628,1,0,0,0,0,0,0
629,1,0,0,0,0,0,0
630,1,0,0,0,0,0,0
631,1,0,0,0,0,0,0
632,1,0,0,0,0,0,0
633,1,0,0,0,0,0,0
634,1,0,0,0,0,0,0
635,1,0,0,0,0,0,0
636,1,0,0,0,0,0,0
637,1,0,0,0,0,0,0
638,1,0,0,0,0,0,0
639,1,0,0,0,0,0,0
640,1,0,0,0,0,0,0
641,1,0,0,0,0,0,0
642,1,0,0,0,0,0,0
643,1,0,0,0,0,0,0
644,1,0,0,0,0,0,0
645,1,0,0,0,0,0,0
646,1,0,0,0,0,0,0
647,1,0,0,0,0,0,0
648,1,0,0,0,0,0,0
649,1,0,0,0,0,0,0
650,1,0,0,0,0,0,0
651,1,0,0,0,0,0,0
652,1,0,0,0,0,0,0
653,1,0,0,0,0,0,0
654,1,0,0,0,0,0,0
655,1,0,0,0,0,0,0
656,1,0,0,0,0,0,0
657,1,0,0,0,0,0,0
658,1,0,0,0,0,0,0
1097,0,1,0,0,0,0,0
1098,0,1,0,0,0,0,0
1099,0,1,0,0,0,0,0
1100,0,1,0,0,0,0,0
1101,0,1,0,0,0,0,0
1102,0,1,0,0,0,0,0
1103,0,1,0,0,0,0,0
1104,0,1,0,0,0,0,0
1105,0,1,0,0,0,0,0
1106,0,1,0,0,0,0,0
1107,0,1,0,0,0,0,0
1108,0,1,0,0,0,0,0
1109,0,1,0,0,0,0,0
1110,0,1,0,0,0,0,0
1111,0,1,0,0,0,0,0
1112,0,1,0,0,0,0,0
1113,0,1,0,0,0,0,0
1114,0,1,0,0,0,0,0
1115,0,1,0,0,0,0,0
1116,0,1,0,0,0,0,0
1117,0,1,0,0,0,0,0
1118,0,1,0,0,0,0,0
1119,0,1,0,0,0,0,0
1120,0,1,0,0,0,0,0
1121,0,1,0,0,0,0,0
1122,0,1,0,0,0,0,0
1123,0,1,0,0,0,0,0
1124,0,1,0,0,0,0,0
1125,0,1,0,0,0,0,0
1126,0,1,0,0,0,0,0
1127,0,1,0,0,0,0,0
1128,0,1,0,0,0,0,0
1129,0,1,0,0,0,0,0
1130,0,1,0,0,0,0,0
1131,0,1,0,0,0,0,0
1132,0,1,0,0,0,0,0
1133,0,1,0,0,0,0,0
1134,0,1,0,0,0,0,0
1135,0,1,0,0,0,0,0
1136,0,1,0,0,0,0,0
1137,0,1,0,0,0,0,0
1138,0,1,0,0,0,0,0
1139,0,1,0,0,0,0,0
1140,0,1,0,0,0,0,0
1141,0,1,0,0,0,0,0
1142,0,1,0,0,0,0,0
1143,0,1,0,0,0,0,0
1144,0,1,0,0,0,0,0
1145,0,1,0,0,0,0,0
1146,0,1,0,0,0,0,0
1147,0,1,0,0,0,0,0
1148,0,1,0,0,0,0,0
1149,0,1,0,0,0,0,0
1150,0,1,0,0,0,0,0
1151,0,1,0,0,0,0,0
1152,0,1,0,0,0,0,0
1153,0,1,0,0,0,0,0
1154,0,1,0,0,0,0,0
1155,0,1,0,0,0,0,0
1156,0,1,0,0,0,0,0
1157,0,1,0,0,0,0,0
1158,0,1,0,0,0,0,0
1159,0,1,0,0,0,0,0
1160,0,1,0,0,0,0,0
1161,0,1,0,0,0,0,0
1162,0,1,0,0,0,0,0
1163,0,1,0,0,0,0,0
1164,0,1,0,0,0,0,0
1165,0,1,0,0,0,0,0
1166,0,1,0,0,0,0,0
1167,0,1,0,0,0,0,0
1168,0,1,0,0,0,0,0
1169,0,1,0,0,0,0,0
1170,0,1,0,0,0,0,0
1171,0,1,0,0,0,0,0
1172,0,1,0,0,0,0,0
1173,0,1,0,0,0,0,0
1174,0,1,0,0,0,0,0
1175,0,1,0,0,0,0,0
1176,0,1,0,0,0,0,0
1177,0,1,0,0,0,0,0
1178,0,1,0,0,0,0,0
1179,0,1,0,0,0,0,0
1180,0,1,0,0,0,0,0
1181,0,1,0,0,0,0,0
1182,0,1,0,0,0,0,0
1183,0,1,0,0,0,0,0
1184,0,1,0,0,0,0,0
1185,0,1,0,0,0,0,0
1186,0,1,0,0,0,0,0
1187,0,1,0,0,0,0,0
1188,0,1,0,0,0,0,0
1189,0,1,0,0,0,0,0
1190,0,1,0,0,0,0,0
1191,0,1,0,0,0,0,0
1192,0,1,0,0,0,0,0
1193,0,1,0,0,0,0,0
1194,0,1,0,0,0,0,0
1195,0,1,0,0,0,0,0
1196,0,1,0,0,0,0,0
1197,0,1,0,0,0,0,0
1198,0,1,0,0,0,0,0
1199,0,1,0,0,0,0,0
1200,0,1,0,0,0,0,0
1201,0,1,0,0,0,0,0
1202,0,1,0,0,0,0,0
1203,0,1,0,0,0,0,0
1204,0,1,0,0,0,0,0
1205,0,1,0,0,0,0,0
1206,0,1,0,0,0,0,0
1207,0,1,0,0,0,0,0
1208,0,1,0,0,0,0,0
1209,0,1,0,0,0,0,0
1210,0,1,0,0,0,0,0
1211,0,1,0,0,0,0,0
1212,0,1,0,0,0,0,0
1213,0,1,0,0,0,0,0
1214,0,1,0,0,0,0,0
1215,0,1,0,0,0,0,0
1216,0,1,0,0,0,0,0
1217,0,1,0,0,0,0,0
1218,0,1,0,0,0,0,0
1219,0,1,0,0,0,0,0
1220,0,1,0,0,0,0,0
1221,0,1,0,0,0,0,0
1222,0,1,0,0,0,0,0
1223,0,1,0,0,0,0,0
1224,0,1,0,0,0,0,0
1225,0,1,0,0,0,0,0
1226,0,1,0,0,0,0,0
1227,0,1,0,0,0,0,0
1228,0,1,0,0,0,0,0
1229,0,1,0,0,0,0,0
1230,0,1,0,0,0,0,0
1231,0,1,0,0,0,0,0
1232,0,1,0,0,0,0,0
1233,0,1,0,0,0,0,0
1234,0,1,0,0,0,0,0
1235,0,1,0,0,0,0,0
1236,0,1,0,0,0,0,0
1237,0,1,0,0,0,0,0
1238,0,1,0,0,0,0,0
1239,0,1,0,0,0,0,0
1240,0,1,0,0,0,0,0
1241,0,1,0,0,0,0,0
1242,0,1,0,0,0,0,0
1243,0,1,0,0,0,0,0
1244,0,1,0,0,0,0,0
1245,0,1,0,0,0,0,0
1246,0,1,0,0,0,0,0
1247,0,1,0,0,0,0,0
1248,0,1,0,0,0,0,0
1249,0,1,0,0,0,0,0
1250,0,1,0,0,0,0,0
1251,0,1,0,0,0,0,0
1252,0,1,0,0,0,0,0
1253,0,1,0,0,0,0,0
1254,0,1,0,0,0,0,0
1255,0,1,0,0,0,0,0
1256,0,1,0,0,0,0,0
1257,0,1,0,0,0,0,0
1258,0,1,0,0,0,0,0
1259,0,1,0,0,0,0,0
1260,0,1,0,0,0,0,0
1261,0,1,0,0,0,0,0
1262,0,1,0,0,0,0,0
1263,0,1,0,0,0,0,0
1264,0,1,0,0,0,0,0
1265,0,1,0,0,0,0,0
1266,0,1,0,0,0,0,0
1267,0,1,0,0,0,0,0
1268,0,1,0,0,0,0,0
1269,0,1,0,0,0,0,0
1270,0,1,0,0,0,0,0
1271,0,1,0,0,0,0,0
1272,0,1,0,0,0,0,0
1273,0,1,0,0,0,0,0
1274,0,1,0,0,0,0,0
1275,0,1,0,0,0,0,0
1276,0,1,0,0,0,0,0
1277,0,1,0,0,0,0,0
1278,0,1,0,0,0,0,0
1279,0,1,0,0,0,0,0
1280,0,1,0,0,0,0,0
1281,0,1,0,0,0,0,0
1282,0,1,0,0,0,0,0
1283,0,1,0,0,0,0,0
1284,0,1,0,0,0,0,0
1285,0,1,0,0,0,0,0
1286,0,1,0,0,0,0,0
1287,0,1,0,0,0,0,0
1288,0,1,0,0,0,0,0
1289,0,1,0,0,0,0,0
1290,0,1,0,0,0,0,0
1291,0,1,0,0,0,0,0
1292,0,1,0,0,0,0,0
1293,0,1,0,0,0,0,0
1294,0,1,0,0,0,0,0
1295,0,1,0,0,0,0,0
1296,0,1,0,0,0,0,0
1297,0,1,0,0,0,0,0
1298,0,1,0,0,0,0,0
1299,0,1,0,0,0,0,0
1300,0,1,0,0,0,0,0
1301,0,1,0,0,0,0,0
1302,0,1,0,0,0,0,0
1303,0,1,0,0,0,0,0
1304,0,1,0,0,0,0,0
1305,0,1,0,0,0,0,0
1306,0,1,0,0,0,0,0
1307,0,1,0,0,0,0,0
1308,0,1,0,0,0,0,0
1309,0,1,0,0,0,0,0
1310,0,1,0,0,0,0,0
1311,0,1,0,0,0,0,0
1312,0,1,0,0,0,0,0
1313,0,1,0,0,0,0,0
1314,0,1,0,0,0,0,0
1315,0,1,0,0,0,0,0
1316,0,1,0,0,0,0,0
1317,0,1,0,0,0,0,0
1318,0,1,0,0,0,0,0
1319,0,1,0,0,0,0,0
1320,0,1,0,0,0,0,0
1321,0,1,0,0,0,0,0
1322,0,1,0,0,0,0,0
1323,0,1,0,0,0,0,0
1324,0,1,0,0,0,0,0
1325,0,1,0,0,0,0,0
1326,0,1,0,0,0,0,0
1327,0,1,0,0,0,0,0
1328,0,1,0,0,0,0,0
1329,0,1,0,0,0,0,0
1330,0,1,0,0,0,0,0
1331,0,1,0,0,0,0,0
1332,0,1,0,0,0,0,0
1333,0,1,0,0,0,0,0
1334,0,1,0,0,0,0,0
1335,0,1,0,0,0,0,0
1336,0,1,0,0,0,0,0
1337,0,1,0,0,0,0,0
1338,0,1,0,0,0,0,0
1339,0,1,0,0,0,0,0
1340,0,1,0,0,0,0,0
1341,0,1,0,0,0,0,0
1342,0,1,0,0,0,0,0
1343,0,1,0,0,0,0,0
1344,0,1,0,0,0,0,0
1345,0,1,0,0,0,0,0
1346,0,1,0,0,0,0,0
1347,0,1,0,0,0,0,0
1348,0,1,0,0,0,0,0
1349,0,1,0,0,0,0,0
1350,0,1,0,0,0,0,0
1351,0,1,0,0,0,0,0
1352,0,1,0,0,0,0,0
1353,0,1,0,0,0,0,0
1354,0,1,0,0,0,0,0
1355,0,1,0,0,0,0,0
1356,0,1,0,0,0,0,0
1357,0,1,0,0,0,0,0
1358,0,1,0,0,0,0,0
1359,0,1,0,0,0,0,0
1360,0,1,0,0,0,0,0
1361,0,1,0,0,0,0,0
1362,0,1,0,0,0,0,0
1363,0,1,0,0,0,0,0
1364,0,1,0,0,0,0,0
1365,0,1,0,0,0,0,0
1366,0,1,0,0,0,0,0
1367,0,1,0,0,0,0,0
1368,0,1,0,0,0,0,0
1369,0,1,0,0,0,0,0
1370,0,1,0,0,0,0,0
1371,0,1,0,0,0,0,0
1372,0,1,0,0,0,0,0
1373,0,1,0,0,0,0,0
1374,0,1,0,0,0,0,0
1375,0,1,0,0,0,0,0
1376,0,1,0,0,0,0,0
1377,0,1,0,0,0,0,0
1378,0,1,0,0,0,0,0
1379,0,1,0,0,0,0,0
1380,0,1,0,0,0,0,0
1381,0,1,0,0,0,0,0
1382,0,1,0,0,0,0,0
1383,0,1,0,0,0,0,0
1384,0,1,0,0,0,0,0
1385,0,1,0,0,0,0,0
1386,0,1,0,0,0,0,0
1387,0,1,0,0,0,0,0
1388,0,1,0,0,0,0,0
1389,0,1,0,0,0,0,0
1390,0,1,0,0,0,0,0
1391,0,1,0,0,0,0,0
1392,0,1,0,0,0,0,0
1393,0,1,0,0,0,0,0
1394,0,1,0,0,0,0,0
1395,0,1,0,0,0,0,0
1396,0,1,0,0,0,0,0
1397,0,1,0,0,0,0,0
1398,0,1,0,0,0,0,0
1399,0,1,0,0,0,0,0
1400,0,1,0,0,0,0,0
1401,0,1,0,0,0,0,0
1402,0,1,0,0,0,0,0
1403,0,1,0,0,0,0,0
1404,0,1,0,0,0,0,0
1405,0,1,0,0,0,0,0
1406,0,1,0,0,0,0,0
1407,0,1,0,0,0,0,0
1408,0,1,0,0,0,0,0
1409,0,1,0,0,0,0,0
1410,0,1,0,0,0,0,0
1411,0,1,0,0,0,0,0
1412,0,1,0,0,0,0,0
1413,0,1,0,0,0,0,0
1414,0,1,0,0,0,0,0
1415,0,1,0,0,0,0,0
1416,0,1,0,0,0,0,0
1417,0,1,0,0,0,0,0
1418,0,1,0,0,0,0,0
1419,0,1,0,0,0,0,0
1420,0,1,0,0,0,0,0
1421,0,1,0,0,0,0,0
1422,0,1,0,0,0,0,0
1423,0,1,0,0,0,0,0
1424,0,1,0,0,0,0,0
1425,0,1,0,0,0,0,0
1426,0,1,0,0,0,0,0
1427,0,1,0,0,0,0,0
1428,0,1,0,0,0,0,0
1429,0,1,0,0,0,0,0
1430,0,1,0,0,0,0,0
1431,0,1,0,0,0,0,0
1432,0,1,0,0,0,0,0
1433,0,1,0,0,0,0,0
1434,0,1,0,0,0,0,0
1435,0,1,0,0,0,0,0
1436,0,1,0,0,0,0,0
1437,0,1,0,0,0,0,0
1438,0,1,0,0,0,0,0
1439,0,1,0,0,0,0,0
1440,0,1,0,0,0,0,0
1441,0,1,0,0,0,0,0
1442,0,1,0,0,0,0,0
1443,0,1,0,0,0,0,0
1444,0,1,0,0,0,0,0
1445,0,1,0,0,0,0,0
1446,0,1,0,0,0,0,0
1447,0,1,0,0,0,0,0
1448,0,1,0,0,0,0,0
1449,0,1,0,0,0,0,0
1450,0,1,0,0,0,0,0
1451,0,1,0,0,0,0,0
1452,0,1,0,0,0,0,0
1453,0,1,0,0,0,0,0
1454,0,1,0,0,0,0,0
1455,0,1,0,0,0,0,0
1456,0,1,0,0,0,0,0
1457,0,1,0,0,0,0,0
1458,0,1,0,0,0,0,0
1459,0,1,0,0,0,0,0
1460,0,1,0,0,0,0,0
1461,0,1,0,0,0,0,0
1462,0,1,0,0,0,0,0
1463,0,1,0,0,0,0,0
1464,0,1,0,0,0,0,0
1465,0,1,0,0,0,0,0
1466,0,1,0,0,0,0,0
1467,0,1,0,0,0,0,0
1468,0,1,0,0,0,0,0
1469,0,1,0,0,0,0,0
1470,0,1,0,0,0,0,0
1471,0,1,0,0,0,0,0
1472,0,1,0,0,0,0,0
1473,0,1,0,0,0,0,0
1474,0,1,0,0,0,0,0
1475,0,1,0,0,0,0,0
1476,0,1,0,0,0,0,0
1477,0,1,0,0,0,0,0
1478,0,1,0,0,0,0,0
1479,0,1,0,0,0,0,0
1480,0,1,0,0,0,0,0
1481,0,1,0,0,0,0,0
1482,0,1,0,0,0,0,0
1483,0,1,0,0,0,0,0
1484,0,1,0,0,0,0,0
1485,0,1,0,0,0,0,0
1486,0,1,0,0,0,0,0
1487,0,1,0,0,0,0,0
1488,0,1,0,0,0,0,0
1489,0,1,0,0,0,0,0
1490,0,1,0,0,0,0,0
1491,0,1,0,0,0,0,0
1492,0,1,0,0,0,0,0
1493,0,1,0,0,0,0,0
1494,0,1,0,0,0,0,0
1495,0,1,0,0,0,0,0
1496,0,1,0,0,0,0,0
1497,0,1,0,0,0,0,0
1498,0,1,0,0,0,0,0
1499,0,1,0,0,0,0,0
1500,0,1,0,0,0,0,0
1501,0,1,0,0,0,0,0
1502,0,1,0,0,0,0,0
1503,0,1,0,0,0,0,0
1504,0,1,0,0,0,0,0
1505,0,1,0,0,0,0,0
1506,0,1,0,0,0,0,0
1507,0,1,0,0,0,0,0
1508,0,1,0,0,0,0,0
1509,0,1,0,0,0,0,0
1510,0,1,0,0,0,0,0
1511,0,1,0,0,0,0,0
1512,0,1,0,0,0,0,0
1513,0,1,0,0,0,0,0
1514,0,1,0,0,0,0,0
1515,0,1,0,0,0,0,0
1516,0,1,0,0,0,0,0
1517,0,1,0,0,0,0,0
1518,0,1,0,0,0,0,0
1519,0,1,0,0,0,0,0
1520,0,1,0,0,0,0,0
1521,0,1,0,0,0,0,0
1522,0,1,0,0,0,0,0
1523,0,1,0,0,0,0,0
1524,0,1,0,0,0,0,0
1525,0,1,0,0,0,0,0
1526,0,1,0,0,0,0,0
1527,0,1,0,0,0,0,0
1528,0,1,0,0,0,0,0
1529,0,1,0,0,0,0,0
1530,0,1,0,0,0,0,0
1531,0,1,0,0,0,0,0
1532,0,1,0,0,0,0,0
1533,0,1,0,0,0,0,0
1534,0,1,0,0,0,0,0
1535,0,1,0,0,0,0,0
1536,0,1,0,0,0,0,0
1537,0,1,0,0,0,0,0
1538,0,1,0,0,0,0,0
1539,0,1,0,0,0,0,0
1540,0,1,0,0,0,0,0
1541,0,1,0,0,0,0,0
1542,0,1,0,0,0,0,0
1543,0,1,0,0,0,0,0
1544,0,1,0,0,0,0,0
1545,0,1,0,0,0,0,0
1546,0,1,0,0,0,0,0
1547,0,1,0,0,0,0,0
1548,0,1,0,0,0,0,0
1549,0,1,0,0,0,0,0
1550,0,1,0,0,0,0,0
1551,0,1,0,0,0,0,0
1552,0,1,0,0,0,0,0
1553,0,1,0,0,0,0,0
1554,0,1,0,0,0,0,0
1555,0,1,0,0,0,0,0
1556,0,1,0,0,0,0,0
1557,0,1,0,0,0,0,0
1558,0,1,0,0,0,0,0
1559,0,1,0,0,0,0,0
1560,0,1,0,0,0,0,0
1561,0,1,0,0,0,0,0
1562,0,1,0,0,0,0,0
1563,0,1,0,0,0,0,0
1564,0,1,0,0,0,0,0
1565,0,1,0,0,0,0,0
1566,0,1,0,0,0,0,0
1567,0,1,0,0,0,0,0
1568,0,1,0,0,0,0,0
1569,0,1,0,0,0,0,0
1570,0,1,0,0,0,0,0
1571,0,1,0,0,0,0,0
1572,0,1,0,0,0,0,0
1573,0,1,0,0,0,0,0
1574,0,1,0,0,0,0,0
1575,0,1,0,0,0,0,0
1576,0,1,0,0,0,0,0
1577,0,1,0,0,0,0,0
1578,0,1,0,0,0,0,0
1579,0,1,0,0,0,0,0
1580,0,1,0,0,0,0,0
1581,0,1,0,0,0,0,0
1582,0,1,0,0,0,0,0
1583,0,1,0,0,0,0,0
1584,0,1,0,0,0,0,0
1585,0,1,0,0,0,0,0
1586,0,1,0,0,0,0,0
1587,0,1,0,0,0,0,0
1588,0,1,0,0,0,0,0
1589,0,1,0,0,0,0,0
1590,0,1,0,0,0,0,0
1591,0,1,0,0,0,0,0
1592,0,1,0,0,0,0,0
1593,0,1,0,0,0,0,0
1594,0,1,0,0,0,0,0
1595,0,1,0,0,0,0,0
1596,0,1,0,0,0,0,0
1597,0,1,0,0,0,0,0
1598,0,1,0,0,0,0,0
1599,0,1,0,0,0,0,0
1600,0,1,0,0,0,0,0
1601,0,1,0,0,0,0,0
1602,0,1,0,0,0,0,0
1603,0,1,0,0,0,0,0
1604,0,1,0,0,0,0,0
1605,0,1,0,0,0,0,0
1606,0,1,0,0,0,0,0
1607,0,1,0,0,0,0,0
1608,0,1,0,0,0,0,0
1609,0,1,0,0,0,0,0
1610,0,1,0,0,0,0,0
1611,0,1,0,0,0,0,0
1612,0,1,0,0,0,0,0
1613,0,1,0,0,0,0,0
1614,0,1,0,0,0,0,0
1615,0,1,0,0,0,0,0
1616,0,1,0,0,0,0,0
1617,0,1,0,0,0,0,0
1618,0,1,0,0,0,0,0
1619,0,1,0,0,0,0,0
1620,0,1,0,0,0,0,0
1621,0,1,0,0,0,0,0
1622,0,1,0,0,0,0,0
1623,0,1,0,0,0,0,0
1624,0,1,0,0,0,0,0
1625,0,1,0,0,0,0,0
1626,0,1,0,0,0,0,0
1627,0,1,0,0,0,0,0
1628,0,1,0,0,0,0,0
1629,0,1,0,0,0,0,0
1630,0,1,0,0,0,0,0
1631,0,1,0,0,0,0,0
1632,0,1,0,0,0,0,0
1633,0,1,0,0,0,0,0
1634,0,1,0,0,0,0,0
1635,0,1,0,0,0,0,0
1636,0,1,0,0,0,0,0
1637,0,1,0,0,0,0,0
1638,0,1,0,0,0,0,0
1639,0,1,0,0,0,0,0
1640,0,1,0,0,0,0,0
1641,0,1,0,0,0,0,0
1642,0,1,0,0,0,0,0
1643,0,1,0,0,0,0,0
1644,0,1,0,0,0,0,0
1645,0,1,0,0,0,0,0
1646,0,1,0,0,0,0,0
1647,0,1,0,0,0,0,0
1648,0,1,0,0,0,0,0
1649,0,1,0,0,0,0,0
1650,0,1,0,0,0,0,0
1651,0,1,0,0,0,0,0
1652,0,1,0,0,0,0,0
1653,0,1,0,0,0,0,0
1654,0,1,0,0,0,0,0
1655,0,1,0,0,0,0,0
1656,0,1,0,0,0,0,0
1657,0,1,0,0,0,0,0
1658,0,1,0,0,0,0,0
1659,0,1,0,0,0,0,0
1660,0,1,0,0,0,0,0
1661,0,1,0,0,0,0,0
1662,0,1,0,0,0,0,0
1663,0,1,0,0,0,0,0
1664,0,1,0,0,0,0,0
1665,0,1,0,0,0,0,0
1666,0,1,0,0,0,0,0
1667,0,1,0,0,0,0,0
1668,0,1,0,0,0,0,0
1669,0,1,0,0,0,0,0
1670,0,1,0,0,0,0,0
1671,0,1,0,0,0,0,0
1672,0,1,0,0,0,0,0
1673,0,1,0,0,0,0,0
1674,0,1,0,0,0,0,0
1675,0,1,0,0,0,0,0
1676,0,1,0,0,0,0,0
1677,0,1,0,0,0,0,0
1678,0,1,0,0,0,0,0
1679,0,1,0,0,0,0,0
1680,0,1,0,0,0,0,0
1681,0,1,0,0,0,0,0
1682,0,1,0,0,0,0,0
1683,0,1,0,0,0,0,0
1684,0,1,0,0,0,0,0
1685,0,1,0,0,0,0,0
1686,0,1,0,0,0,0,0
1687,0,1,0,0,0,0,0
1688,0,1,0,0,0,0,0
1689,0,1,0,0,0,0,0
1690,0,1,0,0,0,0,0
1691,0,1,0,0,0,0,0
1692,0,1,0,0,0,0,0
1693,0,1,0,0,0,0,0
1694,0,1,0,0,0,0,0
1695,0,1,0,0,0,0,0
1696,0,1,0,0,0,0,0
1697,0,1,0,0,0,0,0
1698,0,1,0,0,0,0,0
1699,0,1,0,0,0,0,0
1700,0,1,0,0,0,0,0
1701,0,1,0,0,0,0,0
1702,0,1,0,0,0,0,0
1703,0,1,0,0,0,0,0
1704,0,1,0,0,0,0,0
1705,0,1,0,0,0,0,0
1706,0,1,0,0,0,0,0
1707,0,1,0,0,0,0,0
1708,0,1,0,0,0,0,0
1709,0,1,0,0,0,0,0
1710,0,1,0,0,0,0,0
1711,0,1,0,0,0,0,0
1712,0,1,0,0,0,0,0
1713,0,1,0,0,0,0,0
1714,0,1,0,0,0,0,0
1715,0,1,0,0,0,0,0
1716,0,1,0,0,0,0,0
1717,0,1,0,0,0,0,0
1718,0,1,0,0,0,0,0
1719,0,1,0,0,0,0,0
1720,0,1,0,0,0,0,0
1721,0,1,0,0,0,0,0
1722,0,1,0,0,0,0,0
1723,0,1,0,0,0,0,0
1724,0,1,0,0,0,0,0
1725,0,1,0,0,0,0,0
1726,0,1,0,0,0,0,0
1727,0,1,0,0,0,0,0
1728,0,1,0,0,0,0,0
1729,0,1,0,0,0,0,0
1730,0,1,0,0,0,0,0
1731,0,1,0,0,0,0,0
1732,0,1,0,0,0,0,0
1733,0,1,0,0,0,0,0
1734,0,1,0,0,0,0,0
1735,0,1,0,0,0,0,0
1736,0,1,0,0,0,0,0
1737,0,1,0,0,0,0,0
1738,0,1,0,0,0,0,0
1739,0,1,0,0,0,0,0
1740,0,1,0,0,0,0,0
1741,0,1,0,0,0,0,0
1742,0,1,0,0,0,0,0
1743,0,1,0,0,0,0,0
1744,0,1,0,0,0,0,0
1745,0,1,0,0,0,0,0
1746,0,1,0,0,0,0,0
1747,0,1,0,0,0,0,0
1748,0,1,0,0,0,0,0
1749,0,1,0,0,0,0,0
1750,0,1,0,0,0,0,0
1751,0,1,0,0,0,0,0
1752,0,1,0,0,0,0,0
1753,0,1,0,0,0,0,0
1754,0,1,0,0,0,0,0
2193,0,0,1,0,0,0,0
2194,0,0,1,0,0,0,0
2195,0,0,1,0,0,0,0
2196,0,0,1,0,0,0,0
2197,0,0,1,0,0,0,0
2198,0,0,1,0,0,0,0
2199,0,0,1,0,0,0,0
2200,0,0,1,0,0,0,0
2201,0,0,1,0,0,0,0
2202,0,0,1,0,0,0,0
2203,0,0,1,0,0,0,0
2204,0,0,1,0,0,0,0
2205,0,0,1,0,0,0,0
2206,0,0,1,0,0,0,0
2207,0,0,1,0,0,0,0
2208,0,0,1,0,0,0,0
2209,0,0,1,0,0,0,0
2210,0,0,1,0,0,0,0
2211,0,0,1,0,0,0,0
2212,0,0,1,0,0,0,0
2213,0,0,1,0,0,0,0
2214,0,0,1,0,0,0,0
2215,0,0,1,0,0,0,0
2216,0,0,1,0,0,0,0
2217,0,0,1,0,0,0,0
2218,0,0,1,0,0,0,0
2219,0,0,1,0,0,0,0
2220,0,0,1,0,0,0,0
2221,0,0,1,0,0,0,0
2222,0,0,1,0,0,0,0
2223,0,0,1,0,0,0,0
2224,0,0,1,0,0,0,0
2225,0,0,1,0,0,0,0
2226,0,0,1,0,0,0,0
2227,0,0,1,0,0,0,0
2228,0,0,1,0,0,0,0
2229,0,0,1,0,0,0,0
2230,0,0,1,0,0,0,0
2231,0,0,1,0,0,0,0
2232,0,0,1,0,0,0,0
2233,0,0,1,0,0,0,0
2234,0,0,1,0,0,0,0
2235,0,0,1,0,0,0,0
2236,0,0,1,0,0,0,0
2237,0,0,1,0,0,0,0
2238,0,0,1,0,0,0,0
2239,0,0,1,0,0,0,0
2240,0,0,1,0,0,0,0
2241,0,0,1,0,0,0,0
2242,0,0,1,0,0,0,0
2243,0,0,1,0,0,0,0
2244,0,0,1,0,0,0,0
2245,0,0,1,0,0,0,0
2246,0,0,1,0,0,0,0
2247,0,0,1,0,0,0,0
2248,0,0,1,0,0,0,0
2249,0,0,1,0,0,0,0
2250,0,0,1,0,0,0,0
2251,0,0,1,0,0,0,0
2252,0,0,1,0,0,0,0
2253,0,0,1,0,0,0,0
2254,0,0,1,0,0,0,0
2255,0,0,1,0,0,0,0
2256,0,0,1,0,0,0,0
2257,0,0,1,0,0,0,0
2258,0,0,1,0,0,0,0
2259,0,0,1,0,0,0,0
2260,0,0,1,0,0,0,0
2261,0,0,1,0,0,0,0
2262,0,0,1,0,0,0,0
2263,0,0,1,0,0,0,0
2264,0,0,1,0,0,0,0
2265,0,0,1,0,0,0,0
2266,0,0,1,0,0,0,0
2267,0,0,1,0,0,0,0
2268,0,0,1,0,0,0,0
2269,0,0,1,0,0,0,0
2270,0,0,1,0,0,0,0
2271,0,0,1,0,0,0,0
2272,0,0,1,0,0,0,0
2273,0,0,1,0,0,0,0
2274,0,0,1,0,0,0,0
2275,0,0,1,0,0,0,0
2276,0,0,1,0,0,0,0
2277,0,0,1,0,0,0,0
2278,0,0,1,0,0,0,0
2279,0,0,1,0,0,0,0
2280,0,0,1,0,0,0,0
2281,0,0,1,0,0,0,0
2282,0,0,1,0,0,0,0
2283,0,0,1,0,0,0,0
2284,0,0,1,0,0,0,0
2285,0,0,1,0,0,0,0
2286,0,0,1,0,0,0,0
2287,0,0,1,0,0,0,0
2288,0,0,1,0,0,0,0
2289,0,0,1,0,0,0,0
2290,0,0,1,0,0,0,0
2291,0,0,1,0,0,0,0
2292,0,0,1,0,0,0,0
2293,0,0,1,0,0,0,0
2294,0,0,1,0,0,0,0
2295,0,0,1,0,0,0,0
2296,0,0,1,0,0,0,0
2297,0,0,1,0,0,0,0
2298,0,0,1,0,0,0,0
2299,0,0,1,0,0,0,0
2300,0,0,1,0,0,0,0
2301,0,0,1,0,0,0,0
2302,0,0,1,0,0,0,0
2303,0,0,1,0,0,0,0
2304,0,0,1,0,0,0,0
2305,0,0,1,0,0,0,0
2306,0,0,1,0,0,0,0
2307,0,0,1,0,0,0,0
2308,0,0,1,0,0,0,0
2309,0,0,1,0,0,0,0
2310,0,0,1,0,0,0,0
2311,0,0,1,0,0,0,0
2312,0,0,1,0,0,0,0
2313,0,0,1,0,0,0,0
2314,0,0,1,0,0,0,0
2315,0,0,1,0,0,0,0
2316,0,0,1,0,0,0,0
2317,0,0,1,0,0,0,0
2318,0,0,1,0,0,0,0
2319,0,0,1,0,0,0,0
2320,0,0,1,0,0,0,0
2321,0,0,1,0,0,0,0
2322,0,0,1,0,0,0,0
2323,0,0,1,0,0,0,0
2324,0,0,1,0,0,0,0
2325,0,0,1,0,0,0,0
2326,0,0,1,0,0,0,0
2327,0,0,1,0,0,0,0
2328,0,0,1,0,0,0,0
2329,0,0,1,0,0,0,0
2330,0,0,1,0,0,0,0
2331,0,0,1,0,0,0,0
2332,0,0,1,0,0,0,0
2333,0,0,1,0,0,0,0
2334,0,0,1,0,0,0,0
2335,0,0,1,0,0,0,0
2336,0,0,1,0,0,0,0
2337,0,0,1,0,0,0,0
2338,0,0,1,0,0,0,0
2339,0,0,1,0,0,0,0
2340,0,0,1,0,0,0,0
2341,0,0,1,0,0,0,0
2342,0,0,1,0,0,0,0
2343,0,0,1,0,0,0,0
2344,0,0,1,0,0,0,0
2345,0,0,1,0,0,0,0
2346,0,0,1,0,0,0,0
2347,0,0,1,0,0,0,0
2348,0,0,1,0,0,0,0
2349,0,0,1,0,0,0,0
2350,0,0,1,0,0,0,0
2351,0,0,1,0,0,0,0
2352,0,0,1,0,0,0,0
2353,0,0,1,0,0,0,0
2354,0,0,1,0,0,0,0
2355,0,0,1,0,0,0,0
2356,0,0,1,0,0,0,0
2357,0,0,1,0,0,0,0
2358,0,0,1,0,0,0,0
2359,0,0,1,0,0,0,0
2360,0,0,1,0,0,0,0
2361,0,0,1,0,0,0,0
2362,0,0,1,0,0,0,0
2363,0,0,1,0,0,0,0
2364,0,0,1,0,0,0,0
2365,0,0,1,0,0,0,0
2366,0,0,1,0,0,0,0
2367,0,0,1,0,0,0,0
2368,0,0,1,0,0,0,0
2369,0,0,1,0,0,0,0
2370,0,0,1,0,0,0,0
2371,0,0,1,0,0,0,0
2372,0,0,1,0,0,0,0
2373,0,0,1,0,0,0,0
2374,0,0,1,0,0,0,0
2375,0,0,1,0,0,0,0
2376,0,0,1,0,0,0,0
2377,0,0,1,0,0,0,0
2378,0,0,1,0,0,0,0
2379,0,0,1,0,0,0,0
2380,0,0,1,0,0,0,0
2381,0,0,1,0,0,0,0
2382,0,0,1,0,0,0,0
2383,0,0,1,0,0,0,0
2384,0,0,1,0,0,0,0
2385,0,0,1,0,0,0,0
2386,0,0,1,0,0,0,0
2387,0,0,1,0,0,0,0
2388,0,0,1,0,0,0,0
2389,0,0,1,0,0,0,0
2390,0,0,1,0,0,0,0
2391,0,0,1,0,0,0,0
2392,0,0,1,0,0,0,0
2393,0,0,1,0,0,0,0
2394,0,0,1,0,0,0,0
2395,0,0,1,0,0,0,0
2396,0,0,1,0,0,0,0
2397,0,0,1,0,0,0,0
2398,0,0,1,0,0,0,0
2399,0,0,1,0,0,0,0
2400,0,0,1,0,0,0,0
2401,0,0,1,0,0,0,0
2402,0,0,1,0,0,0,0
2403,0,0,1,0,0,0,0
2404,0,0,1,0,0,0,0
2405,0,0,1,0,0,0,0
2406,0,0,1,0,0,0,0
2407,0,0,1,0,0,0,0
2408,0,0,1,0,0,0,0
2409,0,0,1,0,0,0,0
2410,0,0,1,0,0,0,0
2411,0,0,1,0,0,0,0
2412,0,0,1,0,0,0,0
2413,0,0,1,0,0,0,0
2414,0,0,1,0,0,0,0
2415,0,0,1,0,0,0,0
2416,0,0,1,0,0,0,0
2417,0,0,1,0,0,0,0
2418,0,0,1,0,0,0,0
2419,0,0,1,0,0,0,0
2420,0,0,1,0,0,0,0
2421,0,0,1,0,0,0,0
2422,0,0,1,0,0,0,0
2423,0,0,1,0,0,0,0
2424,0,0,1,0,0,0,0
2425,0,0,1,0,0,0,0
2426,0,0,1,0,0,0,0
2427,0,0,1,0,0,0,0
2428,0,0,1,0,0,0,0
2429,0,0,1,0,0,0,0
2430,0,0,1,0,0,0,0
2431,0,0,1,0,0,0,0
2432,0,0,1,0,0,0,0
2433,0,0,1,0,0,0,0
2434,0,0,1,0,0,0,0
2435,0,0,1,0,0,0,0
2436,0,0,1,0,0,0,0
2437,0,0,1,0,0,0,0
2438,0,0,1,0,0,0,0
2439,0,0,1,0,0,0,0
2440,0,0,1,0,0,0,0
2441,0,0,1,0,0,0,0
2442,0,0,1,0,0,0,0
2443,0,0,1,0,0,0,0
2444,0,0,1,0,0,0,0
2445,0,0,1,0,0,0,0
2446,0,0,1,0,0,0,0
2447,0,0,1,0,0,0,0
2448,0,0,1,0,0,0,0
2449,0,0,1,0,0,0,0
2450,0,0,1,0,0,0,0
2451,0,0,1,0,0,0,0
2452,0,0,1,0,0,0,0
2453,0,0,1,0,0,0,0
2454,0,0,1,0,0,0,0
2455,0,0,1,0,0,0,0
2456,0,0,1,0,0,0,0
2457,0,0,1,0,0,0,0
2458,0,0,1,0,0,0,0
2459,0,0,1,0,0,0,0
2460,0,0,1,0,0,0,0
2461,0,0,1,0,0,0,0
2462,0,0,1,0,0,0,0
2463,0,0,1,0,0,0,0
2464,0,0,1,0,0,0,0
2465,0,0,1,0,0,0,0
2466,0,0,1,0,0,0,0
2467,0,0,1,0,0,0,0
2468,0,0,1,0,0,0,0
2469,0,0,1,0,0,0,0
2470,0,0,1,0,0,0,0
2471,0,0,1,0,0,0,0
2472,0,0,1,0,0,0,0
2473,0,0,1,0,0,0,0
2474,0,0,1,0,0,0,0
2475,0,0,1,0,0,0,0
2476,0,0,1,0,0,0,0
2477,0,0,1,0,0,0,0
2478,0,0,1,0,0,0,0
2479,0,0,1,0,0,0,0
2480,0,0,1,0,0,0,0
2481,0,0,1,0,0,0,0
2482,0,0,1,0,0,0,0
2483,0,0,1,0,0,0,0
2484,0,0,1,0,0,0,0
2485,0,0,1,0,0,0,0
2486,0,0,1,0,0,0,0
2487,0,0,1,0,0,0,0
2488,0,0,1,0,0,0,0
2489,0,0,1,0,0,0,0
2490,0,0,1,0,0,0,0
2491,0,0,1,0,0,0,0
2492,0,0,1,0,0,0,0
2493,0,0,1,0,0,0,0
2494,0,0,1,0,0,0,0
2495,0,0,1,0,0,0,0
2496,0,0,1,0,0,0,0
2497,0,0,1,0,0,0,0
2498,0,0,1,0,0,0,0
2499,0,0,1,0,0,0,0
2500,0,0,1,0,0,0,0
2501,0,0,1,0,0,0,0
2502,0,0,1,0,0,0,0
2503,0,0,1,0,0,0,0
2504,0,0,1,0,0,0,0
2505,0,0,1,0,0,0,0
2506,0,0,1,0,0,0,0
2507,0,0,1,0,0,0,0
2508,0,0,1,0,0,0,0
2509,0,0,1,0,0,0,0
2510,0,0,1,0,0,0,0
2511,0,0,1,0,0,0,0
2512,0,0,1,0,0,0,0
2513,0,0,1,0,0,0,0
2514,0,0,1,0,0,0,0
2515,0,0,1,0,0,0,0
2516,0,0,1,0,0,0,0
2517,0,0,1,0,0,0,0
2518,0,0,1,0,0,0,0
2519,0,0,1,0,0,0,0
2520,0,0,1,0,0,0,0
2521,0,0,1,0,0,0,0
2522,0,0,1,0,0,0,0
2523,0,0,1,0,0,0,0
2524,0,0,1,0,0,0,0
2525,0,0,1,0,0,0,0
2526,0,0,1,0,0,0,0
2527,0,0,1,0,0,0,0
2528,0,0,1,0,0,0,0
2529,0,0,1,0,0,0,0
2530,0,0,1,0,0,0,0
2531,0,0,1,0,0,0,0
2532,0,0,1,0,0,0,0
2533,0,0,1,0,0,0,0
2534,0,0,1,0,0,0,0
2535,0,0,1,0,0,0,0
2536,0,0,1,0,0,0,0
2537,0,0,1,0,0,0,0
2538,0,0,1,0,0,0,0
2539,0,0,1,0,0,0,0
2540,0,0,1,0,0,0,0
2541,0,0,1,0,0,0,0
2542,0,0,1,0,0,0,0
2543,0,0,1,0,0,0,0
2544,0,0,1,0,0,0,0
2545,0,0,1,0,0,0,0
2546,0,0,1,0,0,0,0
2547,0,0,1,0,0,0,0
2548,0,0,1,0,0,0,0
2549,0,0,1,0,0,0,0
2550,0,0,1,0,0,0,0
2551,0,0,1,0,0,0,0
2552,0,0,1,0,0,0,0
2553,0,0,1,0,0,0,0
2554,0,0,1,0,0,0,0
2555,0,0,1,0,0,0,0
2556,0,0,1,0,0,0,0
2557,0,0,1,0,0,0,0
2558,0,0,1,0,0,0,0
2559,0,0,1,0,0,0,0
2560,0,0,1,0,0,0,0
2561,0,0,1,0,0,0,0
2562,0,0,1,0,0,0,0
2563,0,0,1,0,0,0,0
2564,0,0,1,0,0,0,0
2565,0,0,1,0,0,0,0
2566,0,0,1,0,0,0,0
2567,0,0,1,0,0,0,0
2568,0,0,1,0,0,0,0
2569,0,0,1,0,0,0,0
2570,0,0,1,0,0,0,0
2571,0,0,1,0,0,0,0
2572,0,0,1,0,0,0,0
2573,0,0,1,0,0,0,0
2574,0,0,1,0,0,0,0
2575,0,0,1,0,0,0,0
2576,0,0,1,0,0,0,0
2577,0,0,1,0,0,0,0
2578,0,0,1,0,0,0,0
2579,0,0,1,0,0,0,0
2580,0,0,1,0,0,0,0
2581,0,0,1,0,0,0,0
2582,0,0,1,0,0,0,0
2583,0,0,1,0,0,0,0
2584,0,0,1,0,0,0,0
2585,0,0,1,0,0,0,0
2586,0,0,1,0,0,0,0
2587,0,0,1,0,0,0,0
2588,0,0,1,0,0,0,0
2589,0,0,1,0,0,0,0
2590,0,0,1,0,0,0,0
2591,0,0,1,0,0,0,0
2592,0,0,1,0,0,0,0
2593,0,0,1,0,0,0,0
2594,0,0,1,0,0,0,0
2595,0,0,1,0,0,0,0
2596,0,0,1,0,0,0,0
2597,0,0,1,0,0,0,0
2598,0,0,1,0,0,0,0
2599,0,0,1,0,0,0,0
2600,0,0,1,0,0,0,0
2601,0,0,1,0,0,0,0
2602,0,0,1,0,0,0,0
2603,0,0,1,0,0,0,0
2604,0,0,1,0,0,0,0
2605,0,0,1,0,0,0,0
2606,0,0,1,0,0,0,0
2607,0,0,1,0,0,0,0
2608,0,0,1,0,0,0,0
2609,0,0,1,0,0,0,0
2610,0,0,1,0,0,0,0
2611,0,0,1,0,0,0,0
2612,0,0,1,0,0,0,0
2613,0,0,1,0,0,0,0
2614,0,0,1,0,0,0,0
2615,0,0,1,0,0,0,0
2616,0,0,1,0,0,0,0
2617,0,0,1,0,0,0,0
2618,0,0,1,0,0,0,0
2619,0,0,1,0,0,0,0
2620,0,0,1,0,0,0,0
2621,0,0,1,0,0,0,0
2622,0,0,1,0,0,0,0
2623,0,0,1,0,0,0,0
2624,0,0,1,0,0,0,0
2625,0,0,1,0,0,0,0
2626,0,0,1,0,0,0,0
2627,0,0,1,0,0,0,0
2628,0,0,1,0,0,0,0
2629,0,0,1,0,0,0,0
2630,0,0,1,0,0,0,0
2631,0,0,1,0,0,0,0
2632,0,0,1,0,0,0,0
2633,0,0,1,0,0,0,0
2634,0,0,1,0,0,0,0
2635,0,0,1,0,0,0,0
2636,0,0,1,0,0,0,0
2637,0,0,1,0,0,0,0
2638,0,0,1,0,0,0,0
2639,0,0,1,0,0,0,0
2640,0,0,1,0,0,0,0
2641,0,0,1,0,0,0,0
2642,0,0,1,0,0,0,0
2643,0,0,1,0,0,0,0
2644,0,0,1,0,0,0,0
2645,0,0,1,0,0,0,0
2646,0,0,1,0,0,0,0
2647,0,0,1,0,0,0,0
2648,0,0,1,0,0,0,0
2649,0,0,1,0,0,0,0
2650,0,0,1,0,0,0,0
2651,0,0,1,0,0,0,0
2652,0,0,1,0,0,0,0
2653,0,0,1,0,0,0,0
2654,0,0,1,0,0,0,0
2655,0,0,1,0,0,0,0
2656,0,0,1,0,0,0,0
2657,0,0,1,0,0,0,0
2658,0,0,1,0,0,0,0
2659,0,0,1,0,0,0,0
2660,0,0,1,0,0,0,0
2661,0,0,1,0,0,0,0
2662,0,0,1,0,0,0,0
2663,0,0,1,0,0,0,0
2664,0,0,1,0,0,0,0
2665,0,0,1,0,0,0,0
2666,0,0,1,0,0,0,0
2667,0,0,1,0,0,0,0
2668,0,0,1,0,0,0,0
2669,0,0,1,0,0,0,0
2670,0,0,1,0,0,0,0
2671,0,0,1,0,0,0,0
2672,0,0,1,0,0,0,0
2673,0,0,1,0,0,0,0
2674,0,0,1,0,0,0,0
2675,0,0,1,0,0,0,0
2676,0,0,1,0,0,0,0
2677,0,0,1,0,0,0,0
2678,0,0,1,0,0,0,0
2679,0,0,1,0,0,0,0
2680,0,0,1,0,0,0,0
2681,0,0,1,0,0,0,0
2682,0,0,1,0,0,0,0
2683,0,0,1,0,0,0,0
2684,0,0,1,0,0,0,0
2685,0,0,1,0,0,0,0
2686,0,0,1,0,0,0,0
2687,0,0,1,0,0,0,0
2688,0,0,1,0,0,0,0
2689,0,0,1,0,0,0,0
2690,0,0,1,0,0,0,0
2691,0,0,1,0,0,0,0
2692,0,0,1,0,0,0,0
2693,0,0,1,0,0,0,0
2694,0,0,1,0,0,0,0
2695,0,0,1,0,0,0,0
2696,0,0,1,0,0,0,0
2697,0,0,1,0,0,0,0
2698,0,0,1,0,0,0,0
2699,0,0,1,0,0,0,0
2700,0,0,1,0,0,0,0
2701,0,0,1,0,0,0,0
2702,0,0,1,0,0,0,0
2703,0,0,1,0,0,0,0
2704,0,0,1,0,0,0,0
2705,0,0,1,0,0,0,0
2706,0,0,1,0,0,0,0
2707,0,0,1,0,0,0,0
2708,0,0,1,0,0,0,0
2709,0,0,1,0,0,0,0
2710,0,0,1,0,0,0,0
2711,0,0,1,0,0,0,0
2712,0,0,1,0,0,0,0
2713,0,0,1,0,0,0,0
2714,0,0,1,0,0,0,0
2715,0,0,1,0,0,0,0
2716,0,0,1,0,0,0,0
2717,0,0,1,0,0,0,0
2718,0,0,1,0,0,0,0
2719,0,0,1,0,0,0,0
2720,0,0,1,0,0,0,0
2721,0,0,1,0,0,0,0
2722,0,0,1,0,0,0,0
2723,0,0,1,0,0,0,0
2724,0,0,1,0,0,0,0
2725,0,0,1,0,0,0,0
2726,0,0,1,0,0,0,0
2727,0,0,1,0,0,0,0
2728,0,0,1,0,0,0,0
2729,0,0,1,0,0,0,0
2730,0,0,1,0,0,0,0
2731,0,0,1,0,0,0,0
2732,0,0,1,0,0,0,0
2733,0,0,1,0,0,0,0
2734,0,0,1,0,0,0,0
2735,0,0,1,0,0,0,0
2736,0,0,1,0,0,0,0
2737,0,0,1,0,0,0,0
2738,0,0,1,0,0,0,0
2739,0,0,1,0,0,0,0
2740,0,0,1,0,0,0,0
2741,0,0,1,0,0,0,0
2742,0,0,1,0,0,0,0
2743,0,0,1,0,0,0,0
2744,0,0,1,0,0,0,0
2745,0,0,1,0,0,0,0
2746,0,0,1,0,0,0,0
2747,0,0,1,0,0,0,0
2748,0,0,1,0,0,0,0
2749,0,0,1,0,0,0,0
2750,0,0,1,0,0,0,0
2751,0,0,1,0,0,0,0
2752,0,0,1,0,0,0,0
2753,0,0,1,0,0,0,0
2754,0,0,1,0,0,0,0
2755,0,0,1,0,0,0,0
2756,0,0,1,0,0,0,0
2757,0,0,1,0,0,0,0
2758,0,0,1,0,0,0,0
2759,0,0,1,0,0,0,0
2760,0,0,1,0,0,0,0
2761,0,0,1,0,0,0,0
2762,0,0,1,0,0,0,0
2763,0,0,1,0,0,0,0
2764,0,0,1,0,0,0,0
2765,0,0,1,0,0,0,0
2766,0,0,1,0,0,0,0
2767,0,0,1,0,0,0,0
2768,0,0,1,0,0,0,0
2769,0,0,1,0,0,0,0
2770,0,0,1,0,0,0,0
2771,0,0,1,0,0,0,0
2772,0,0,1,0,0,0,0
2773,0,0,1,0,0,0,0
2774,0,0,1,0,0,0,0
2775,0,0,1,0,0,0,0
2776,0,0,1,0,0,0,0
2777,0,0,1,0,0,0,0
2778,0,0,1,0,0,0,0
2779,0,0,1,0,0,0,0
2780,0,0,1,0,0,0,0
2781,0,0,1,0,0,0,0
2782,0,0,1,0,0,0,0
2783,0,0,1,0,0,0,0
2784,0,0,1,0,0,0,0
2785,0,0,1,0,0,0,0
2786,0,0,1,0,0,0,0
2787,0,0,1,0,0,0,0
2788,0,0,1,0,0,0,0
2789,0,0,1,0,0,0,0
2790,0,0,1,0,0,0,0
2791,0,0,1,0,0,0,0
2792,0,0,1,0,0,0,0
2793,0,0,1,0,0,0,0
2794,0,0,1,0,0,0,0
2795,0,0,1,0,0,0,0
2796,0,0,1,0,0,0,0
2797,0,0,1,0,0,0,0
2798,0,0,1,0,0,0,0
2799,0,0,1,0,0,0,0
2800,0,0,1,0,0,0,0
2801,0,0,1,0,0,0,0
2802,0,0,1,0,0,0,0
2803,0,0,1,0,0,0,0
2804,0,0,1,0,0,0,0
2805,0,0,1,0,0,0,0
2806,0,0,1,0,0,0,0
2807,0,0,1,0,0,0,0
2808,0,0,1,0,0,0,0
2809,0,0,1,0,0,0,0
2810,0,0,1,0,0,0,0
2811,0,0,1,0,0,0,0
2812,0,0,1,0,0,0,0
2813,0,0,1,0,0,0,0
2814,0,0,1,0,0,0,0
2815,0,0,1,0,0,0,0
2816,0,0,1,0,0,0,0
2817,0,0,1,0,0,0,0
2818,0,0,1,0,0,0,0
2819,0,0,1,0,0,0,0
2820,0,0,1,0,0,0,0
2821,0,0,1,0,0,0,0
2822,0,0,1,0,0,0,0
2823,0,0,1,0,0,0,0
2824,0,0,1,0,0,0,0
2825,0,0,1,0,0,0,0
2826,0,0,1,0,0,0,0
2827,0,0,1,0,0,0,0
2828,0,0,1,0,0,0,0
2829,0,0,1,0,0,0,0
2830,0,0,1,0,0,0,0
2831,0,0,1,0,0,0,0
2832,0,0,1,0,0,0,0
2833,0,0,1,0,0,0,0
2834,0,0,1,0,0,0,0
2835,0,0,1,0,0,0,0
2836,0,0,1,0,0,0,0
2837,0,0,1,0,0,0,0
2838,0,0,1,0,0,0,0
2839,0,0,1,0,0,0,0
2840,0,0,1,0,0,0,0
2841,0,0,1,0,0,0,0
2842,0,0,1,0,0,0,0
2843,0,0,1,0,0,0,0
2844,0,0,1,0,0,0,0
2845,0,0,1,0,0,0,0
2846,0,0,1,0,0,0,0
2847,0,0,1,0,0,0,0
2848,0,0,1,0,0,0,0
2849,0,0,1,0,0,0,0
3288,0,0,0,1,0,0,0
3289,0,0,0,1,0,0,0
3290,0,0,0,1,0,0,0
3291,0,0,0,1,0,0,0
3292,0,0,0,1,0,0,0
3293,0,0,0,1,0,0,0
3294,0,0,0,1,0,0,0
3295,0,0,0,1,0,0,0
3296,0,0,0,1,0,0,0
3297,0,0,0,1,0,0,0
3298,0,0,0,1,0,0,0
3299,0,0,0,1,0,0,0
3300,0,0,0,1,0,0,0
3301,0,0,0,1,0,0,0
3302,0,0,0,1,0,0,0
3303,0,0,0,1,0,0,0
3304,0,0,0,1,0,0,0
3305,0,0,0,1,0,0,0
3306,0,0,0,1,0,0,0
3307,0,0,0,1,0,0,0
3308,0,0,0,1,0,0,0
3309,0,0,0,1,0,0,0
3310,0,0,0,1,0,0,0
3311,0,0,0,1,0,0,0
3312,0,0,0,1,0,0,0
3313,0,0,0,1,0,0,0
3314,0,0,0,1,0,0,0
3315,0,0,0,1,0,0,0
3316,0,0,0,1,0,0,0
3317,0,0,0,1,0,0,0
3318,0,0,0,1,0,0,0
3319,0,0,0,1,0,0,0
3320,0,0,0,1,0,0,0
3321,0,0,0,1,0,0,0
3322,0,0,0,1,0,0,0
3323,0,0,0,1,0,0,0
3324,0,0,0,1,0,0,0
3325,0,0,0,1,0,0,0
3326,0,0,0,1,0,0,0
3327,0,0,0,1,0,0,0
3328,0,0,0,1,0,0,0
3329,0,0,0,1,0,0,0
3330,0,0,0,1,0,0,0
3331,0,0,0,1,0,0,0
3332,0,0,0,1,0,0,0
3333,0,0,0,1,0,0,0
3334,0,0,0,1,0,0,0
3335,0,0,0,1,0,0,0
3336,0,0,0,1,0,0,0
3337,0,0,0,1,0,0,0
3338,0,0,0,1,0,0,0
3339,0,0,0,1,0,0,0
3340,0,0,0,1,0,0,0
3341,0,0,0,1,0,0,0
3342,0,0,0,1,0,0,0
3343,0,0,0,1,0,0,0
3344,0,0,0,1,0,0,0
3345,0,0,0,1,0,0,0
3346,0,0,0,1,0,0,0
3347,0,0,0,1,0,0,0
3348,0,0,0,1,0,0,0
3349,0,0,0,1,0,0,0
3350,0,0,0,1,0,0,0
3351,0,0,0,1,0,0,0
3352,0,0,0,1,0,0,0
3353,0,0,0,1,0,0,0
3354,0,0,0,1,0,0,0
3355,0,0,0,1,0,0,0
3356,0,0,0,1,0,0,0
3357,0,0,0,1,0,0,0
3358,0,0,0,1,0,0,0
3359,0,0,0,1,0,0,0
3360,0,0,0,1,0,0,0
3361,0,0,0,1,0,0,0
3362,0,0,0,1,0,0,0
3363,0,0,0,1,0,0,0
3364,0,0,0,1,0,0,0
3365,0,0,0,1,0,0,0
3366,0,0,0,1,0,0,0
3367,0,0,0,1,0,0,0
3368,0,0,0,1,0,0,0
3369,0,0,0,1,0,0,0
3370,0,0,0,1,0,0,0
3371,0,0,0,1,0,0,0
3372,0,0,0,1,0,0,0
3373,0,0,0,1,0,0,0
3374,0,0,0,1,0,0,0
3375,0,0,0,1,0,0,0
3376,0,0,0,1,0,0,0
3377,0,0,0,1,0,0,0
3378,0,0,0,1,0,0,0
3379,0,0,0,1,0,0,0
3380,0,0,0,1,0,0,0
3381,0,0,0,1,0,0,0
3382,0,0,0,1,0,0,0
3383,0,0,0,1,0,0,0
3384,0,0,0,1,0,0,0
3385,0,0,0,1,0,0,0
3386,0,0,0,1,0,0,0
3387,0,0,0,1,0,0,0
3388,0,0,0,1,0,0,0
3389,0,0,0,1,0,0,0
3390,0,0,0,1,0,0,0
3391,0,0,0,1,0,0,0
3392,0,0,0,1,0,0,0
3393,0,0,0,1,0,0,0
3394,0,0,0,1,0,0,0
3395,0,0,0,1,0,0,0
3396,0,0,0,1,0,0,0
3397,0,0,0,1,0,0,0
3398,0,0,0,1,0,0,0
3399,0,0,0,1,0,0,0
3400,0,0,0,1,0,0,0
3401,0,0,0,1,0,0,0
3402,0,0,0,1,0,0,0
3403,0,0,0,1,0,0,0
3404,0,0,0,1,0,0,0
3405,0,0,0,1,0,0,0
3406,0,0,0,1,0,0,0
3407,0,0,0,1,0,0,0
3408,0,0,0,1,0,0,0
3409,0,0,0,1,0,0,0
3410,0,0,0,1,0,0,0
3411,0,0,0,1,0,0,0
3412,0,0,0,1,0,0,0
3413,0,0,0,1,0,0,0
3414,0,0,0,1,0,0,0
3415,0,0,0,1,0,0,0
3416,0,0,0,1,0,0,0
3417,0,0,0,1,0,0,0
3418,0,0,0,1,0,0,0
3419,0,0,0,1,0,0,0
3420,0,0,0,1,0,0,0
3421,0,0,0,1,0,0,0
3422,0,0,0,1,0,0,0
3423,0,0,0,1,0,0,0
3424,0,0,0,1,0,0,0
3425,0,0,0,1,0,0,0
3426,0,0,0,1,0,0,0
3427,0,0,0,1,0,0,0
3428,0,0,0,1,0,0,0
3429,0,0,0,1,0,0,0
3430,0,0,0,1,0,0,0
3431,0,0,0,1,0,0,0
3432,0,0,0,1,0,0,0
3433,0,0,0,1,0,0,0
3434,0,0,0,1,0,0,0
3435,0,0,0,1,0,0,0
3436,0,0,0,1,0,0,0
3437,0,0,0,1,0,0,0
3438,0,0,0,1,0,0,0
3439,0,0,0,1,0,0,0
3440,0,0,0,1,0,0,0
3441,0,0,0,1,0,0,0
3442,0,0,0,1,0,0,0
3443,0,0,0,1,0,0,0
3444,0,0,0,1,0,0,0
3445,0,0,0,1,0,0,0
3446,0,0,0,1,0,0,0
3447,0,0,0,1,0,0,0
3448,0,0,0,1,0,0,0
3449,0,0,0,1,0,0,0
3450,0,0,0,1,0,0,0
3451,0,0,0,1,0,0,0
3452,0,0,0,1,0,0,0
3453,0,0,0,1,0,0,0
3454,0,0,0,1,0,0,0
3455,0,0,0,1,0,0,0
3456,0,0,0,1,0,0,0
3457,0,0,0,1,0,0,0
3458,0,0,0,1,0,0,0
3459,0,0,0,1,0,0,0
3460,0,0,0,1,0,0,0
3461,0,0,0,1,0,0,0
3462,0,0,0,1,0,0,0
3463,0,0,0,1,0,0,0
3464,0,0,0,1,0,0,0
3465,0,0,0,1,0,0,0
3466,0,0,0,1,0,0,0
3467,0,0,0,1,0,0,0
3468,0,0,0,1,0,0,0
3469,0,0,0,1,0,0,0
3470,0,0,0,1,0,0,0
3471,0,0,0,1,0,0,0
3472,0,0,0,1,0,0,0
3473,0,0,0,1,0,0,0
3474,0,0,0,1,0,0,0
3475,0,0,0,1,0,0,0
3476,0,0,0,1,0,0,0
3477,0,0,0,1,0,0,0
3478,0,0,0,1,0,0,0
3479,0,0,0,1,0,0,0
3480,0,0,0,1,0,0,0
3481,0,0,0,1,0,0,0
3482,0,0,0,1,0,0,0
3483,0,0,0,1,0,0,0
3484,0,0,0,1,0,0,0
3485,0,0,0,1,0,0,0
3486,0,0,0,1,0,0,0
3487,0,0,0,1,0,0,0
3488,0,0,0,1,0,0,0
3489,0,0,0,1,0,0,0
3490,0,0,0,1,0,0,0
3491,0,0,0,1,0,0,0
3492,0,0,0,1,0,0,0
3493,0,0,0,1,0,0,0
3494,0,0,0,1,0,0,0
3495,0,0,0,1,0,0,0
3496,0,0,0,1,0,0,0
3497,0,0,0,1,0,0,0
3498,0,0,0,1,0,0,0
3499,0,0,0,1,0,0,0
3500,0,0,0,1,0,0,0
3501,0,0,0,1,0,0,0
3502,0,0,0,1,0,0,0
3503,0,0,0,1,0,0,0
3504,0,0,0,1,0,0,0
3505,0,0,0,1,0,0,0
3506,0,0,0,1,0,0,0
3507,0,0,0,1,0,0,0
3508,0,0,0,1,0,0,0
3509,0,0,0,1,0,0,0
3510,0,0,0,1,0,0,0
3511,0,0,0,1,0,0,0
3512,0,0,0,1,0,0,0
3513,0,0,0,1,0,0,0
3514,0,0,0,1,0,0,0
3515,0,0,0,1,0,0,0
3516,0,0,0,1,0,0,0
3517,0,0,0,1,0,0,0
3518,0,0,0,1,0,0,0
3519,0,0,0,1,0,0,0
3520,0,0,0,1,0,0,0
3521,0,0,0,1,0,0,0
3522,0,0,0,1,0,0,0
3523,0,0,0,1,0,0,0
3524,0,0,0,1,0,0,0
3525,0,0,0,1,0,0,0
3526,0,0,0,1,0,0,0
3527,0,0,0,1,0,0,0
3528,0,0,0,1,0,0,0
3529,0,0,0,1,0,0,0
3530,0,0,0,1,0,0,0
3531,0,0,0,1,0,0,0
3532,0,0,0,1,0,0,0
3533,0,0,0,1,0,0,0
3534,0,0,0,1,0,0,0
3535,0,0,0,1,0,0,0
3536,0,0,0,1,0,0,0
3537,0,0,0,1,0,0,0
3538,0,0,0,1,0,0,0
3539,0,0,0,1,0,0,0
3540,0,0,0,1,0,0,0
3541,0,0,0,1,0,0,0
3542,0,0,0,1,0,0,0
3543,0,0,0,1,0,0,0
3544,0,0,0,1,0,0,0
3545,0,0,0,1,0,0,0
3546,0,0,0,1,0,0,0
3547,0,0,0,1,0,0,0
3548,0,0,0,1,0,0,0
3549,0,0,0,1,0,0,0
3550,0,0,0,1,0,0,0
3551,0,0,0,1,0,0,0
3552,0,0,0,1,0,0,0
3553,0,0,0,1,0,0,0
3554,0,0,0,1,0,0,0
3555,0,0,0,1,0,0,0
3556,0,0,0,1,0,0,0
3557,0,0,0,1,0,0,0
3558,0,0,0,1,0,0,0
3559,0,0,0,1,0,0,0
3560,0,0,0,1,0,0,0
3561,0,0,0,1,0,0,0
3562,0,0,0,1,0,0,0
3563,0,0,0,1,0,0,0
3564,0,0,0,1,0,0,0
3565,0,0,0,1,0,0,0
3566,0,0,0,1,0,0,0
3567,0,0,0,1,0,0,0
3568,0,0,0,1,0,0,0
3569,0,0,0,1,0,0,0
3570,0,0,0,1,0,0,0
3571,0,0,0,1,0,0,0
3572,0,0,0,1,0,0,0
3573,0,0,0,1,0,0,0
3574,0,0,0,1,0,0,0
3575,0,0,0,1,0,0,0
3576,0,0,0,1,0,0,0
3577,0,0,0,1,0,0,0
3578,0,0,0,1,0,0,0
3579,0,0,0,1,0,0,0
3580,0,0,0,1,0,0,0
3581,0,0,0,1,0,0,0
3582,0,0,0,1,0,0,0
3583,0,0,0,1,0,0,0
3584,0,0,0,1,0,0,0
3585,0,0,0,1,0,0,0
3586,0,0,0,1,0,0,0
3587,0,0,0,1,0,0,0
3588,0,0,0,1,0,0,0
3589,0,0,0,1,0,0,0
3590,0,0,0,1,0,0,0
3591,0,0,0,1,0,0,0
3592,0,0,0,1,0,0,0
3593,0,0,0,1,0,0,0
3594,0,0,0,1,0,0,0
3595,0,0,0,1,0,0,0
3596,0,0,0,1,0,0,0
3597,0,0,0,1,0,0,0
3598,0,0,0,1,0,0,0
3599,0,0,0,1,0,0,0
3600,0,0,0,1,0,0,0
3601,0,0,0,1,0,0,0
3602,0,0,0,1,0,0,0
3603,0,0,0,1,0,0,0
3604,0,0,0,1,0,0,0
3605,0,0,0,1,0,0,0
3606,0,0,0,1,0,0,0
3607,0,0,0,1,0,0,0
3608,0,0,0,1,0,0,0
3609,0,0,0,1,0,0,0
3610,0,0,0,1,0,0,0
3611,0,0,0,1,0,0,0
3612,0,0,0,1,0,0,0
3613,0,0,0,1,0,0,0
3614,0,0,0,1,0,0,0
3615,0,0,0,1,0,0,0
3616,0,0,0,1,0,0,0
3617,0,0,0,1,0,0,0
3618,0,0,0,1,0,0,0
3619,0,0,0,1,0,0,0
3620,0,0,0,1,0,0,0
3621,0,0,0,1,0,0,0
3622,0,0,0,1,0,0,0
3623,0,0,0,1,0,0,0
3624,0,0,0,1,0,0,0
3625,0,0,0,1,0,0,0
3626,0,0,0,1,0,0,0
3627,0,0,0,1,0,0,0
3628,0,0,0,1,0,0,0
3629,0,0,0,1,0,0,0
3630,0,0,0,1,0,0,0
3631,0,0,0,1,0,0,0
3632,0,0,0,1,0,0,0
3633,0,0,0,1,0,0,0
3634,0,0,0,1,0,0,0
3635,0,0,0,1,0,0,0
3636,0,0,0,1,0,0,0
3637,0,0,0,1,0,0,0
3638,0,0,0,1,0,0,0
3639,0,0,0,1,0,0,0
3640,0,0,0,1,0,0,0
3641,0,0,0,1,0,0,0
3642,0,0,0,1,0,0,0
3643,0,0,0,1,0,0,0
3644,0,0,0,1,0,0,0
3645,0,0,0,1,0,0,0
3646,0,0,0,1,0,0,0
3647,0,0,0,1,0,0,0
3648,0,0,0,1,0,0,0
3649,0,0,0,1,0,0,0
3650,0,0,0,1,0,0,0
3651,0,0,0,1,0,0,0
3652,0,0,0,1,0,0,0
3653,0,0,0,1,0,0,0
3654,0,0,0,1,0,0,0
3655,0,0,0,1,0,0,0
3656,0,0,0,1,0,0,0
3657,0,0,0,1,0,0,0
3658,0,0,0,1,0,0,0
3659,0,0,0,1,0,0,0
3660,0,0,0,1,0,0,0
3661,0,0,0,1,0,0,0
3662,0,0,0,1,0,0,0
3663,0,0,0,1,0,0,0
3664,0,0,0,1,0,0,0
3665,0,0,0,1,0,0,0
3666,0,0,0,1,0,0,0
3667,0,0,0,1,0,0,0
3668,0,0,0,1,0,0,0
3669,0,0,0,1,0,0,0
3670,0,0,0,1,0,0,0
3671,0,0,0,1,0,0,0
3672,0,0,0,1,0,0,0
3673,0,0,0,1,0,0,0
3674,0,0,0,1,0,0,0
3675,0,0,0,1,0,0,0
3676,0,0,0,1,0,0,0
3677,0,0,0,1,0,0,0
3678,0,0,0,1,0,0,0
3679,0,0,0,1,0,0,0
3680,0,0,0,1,0,0,0
3681,0,0,0,1,0,0,0
3682,0,0,0,1,0,0,0
3683,0,0,0,1,0,0,0
3684,0,0,0,1,0,0,0
3685,0,0,0,1,0,0,0
3686,0,0,0,1,0,0,0
3687,0,0,0,1,0,0,0
3688,0,0,0,1,0,0,0
3689,0,0,0,1,0,0,0
3690,0,0,0,1,0,0,0
3691,0,0,0,1,0,0,0
3692,0,0,0,1,0,0,0
3693,0,0,0,1,0,0,0
3694,0,0,0,1,0,0,0
3695,0,0,0,1,0,0,0
3696,0,0,0,1,0,0,0
3697,0,0,0,1,0,0,0
3698,0,0,0,1,0,0,0
3699,0,0,0,1,0,0,0
3700,0,0,0,1,0,0,0
3701,0,0,0,1,0,0,0
3702,0,0,0,1,0,0,0
3703,0,0,0,1,0,0,0
3704,0,0,0,1,0,0,0
3705,0,0,0,1,0,0,0
3706,0,0,0,1,0,0,0
3707,0,0,0,1,0,0,0
3708,0,0,0,1,0,0,0
3709,0,0,0,1,0,0,0
3710,0,0,0,1,0,0,0
3711,0,0,0,1,0,0,0
3712,0,0,0,1,0,0,0
3713,0,0,0,1,0,0,0
3714,0,0,0,1,0,0,0
3715,0,0,0,1,0,0,0
3716,0,0,0,1,0,0,0
3717,0,0,0,1,0,0,0
3718,0,0,0,1,0,0,0
3719,0,0,0,1,0,0,0
3720,0,0,0,1,0,0,0
3721,0,0,0,1,0,0,0
3722,0,0,0,1,0,0,0
3723,0,0,0,1,0,0,0
3724,0,0,0,1,0,0,0
3725,0,0,0,1,0,0,0
3726,0,0,0,1,0,0,0
3727,0,0,0,1,0,0,0
3728,0,0,0,1,0,0,0
3729,0,0,0,1,0,0,0
3730,0,0,0,1,0,0,0
3731,0,0,0,1,0,0,0
3732,0,0,0,1,0,0,0
3733,0,0,0,1,0,0,0
3734,0,0,0,1,0,0,0
3735,0,0,0,1,0,0,0
3736,0,0,0,1,0,0,0
3737,0,0,0,1,0,0,0
3738,0,0,0,1,0,0,0
3739,0,0,0,1,0,0,0
3740,0,0,0,1,0,0,0
3741,0,0,0,1,0,0,0
3742,0,0,0,1,0,0,0
3743,0,0,0,1,0,0,0
3744,0,0,0,1,0,0,0
3745,0,0,0,1,0,0,0
3746,0,0,0,1,0,0,0
3747,0,0,0,1,0,0,0
3748,0,0,0,1,0,0,0
3749,0,0,0,1,0,0,0
3750,0,0,0,1,0,0,0
3751,0,0,0,1,0,0,0
3752,0,0,0,1,0,0,0
3753,0,0,0,1,0,0,0
3754,0,0,0,1,0,0,0
3755,0,0,0,1,0,0,0
3756,0,0,0,1,0,0,0
3757,0,0,0,1,0,0,0
3758,0,0,0,1,0,0,0
3759,0,0,0,1,0,0,0
3760,0,0,0,1,0,0,0
3761,0,0,0,1,0,0,0
3762,0,0,0,1,0,0,0
3763,0,0,0,1,0,0,0
3764,0,0,0,1,0,0,0
3765,0,0,0,1,0,0,0
3766,0,0,0,1,0,0,0
3767,0,0,0,1,0,0,0
3768,0,0,0,1,0,0,0
3769,0,0,0,1,0,0,0
3770,0,0,0,1,0,0,0
3771,0,0,0,1,0,0,0
3772,0,0,0,1,0,0,0
3773,0,0,0,1,0,0,0
3774,0,0,0,1,0,0,0
3775,0,0,0,1,0,0,0
3776,0,0,0,1,0,0,0
3777,0,0,0,1,0,0,0
3778,0,0,0,1,0,0,0
3779,0,0,0,1,0,0,0
3780,0,0,0,1,0,0,0
3781,0,0,0,1,0,0,0
3782,0,0,0,1,0,0,0
3783,0,0,0,1,0,0,0
3784,0,0,0,1,0,0,0
3785,0,0,0,1,0,0,0
3786,0,0,0,1,0,0,0
3787,0,0,0,1,0,0,0
3788,0,0,0,1,0,0,0
3789,0,0,0,1,0,0,0
3790,0,0,0,1,0,0,0
3791,0,0,0,1,0,0,0
3792,0,0,0,1,0,0,0
3793,0,0,0,1,0,0,0
3794,0,0,0,1,0,0,0
3795,0,0,0,1,0,0,0
3796,0,0,0,1,0,0,0
3797,0,0,0,1,0,0,0
3798,0,0,0,1,0,0,0
3799,0,0,0,1,0,0,0
3800,0,0,0,1,0,0,0
3801,0,0,0,1,0,0,0
3802,0,0,0,1,0,0,0
3803,0,0,0,1,0,0,0
3804,0,0,0,1,0,0,0
3805,0,0,0,1,0,0,0
3806,0,0,0,1,0,0,0
3807,0,0,0,1,0,0,0
3808,0,0,0,1,0,0,0
3809,0,0,0,1,0,0,0
3810,0,0,0,1,0,0,0
3811,0,0,0,1,0,0,0
3812,0,0,0,1,0,0,0
3813,0,0,0,1,0,0,0
3814,0,0,0,1,0,0,0
3815,0,0,0,1,0,0,0
3816,0,0,0,1,0,0,0
3817,0,0,0,1,0,0,0
3818,0,0,0,1,0,0,0
3819,0,0,0,1,0,0,0
3820,0,0,0,1,0,0,0
3821,0,0,0,1,0,0,0
3822,0,0,0,1,0,0,0
3823,0,0,0,1,0,0,0
3824,0,0,0,1,0,0,0
3825,0,0,0,1,0,0,0
3826,0,0,0,1,0,0,0
3827,0,0,0,1,0,0,0
3828,0,0,0,1,0,0,0
3829,0,0,0,1,0,0,0
3830,0,0,0,1,0,0,0
3831,0,0,0,1,0,0,0
3832,0,0,0,1,0,0,0
3833,0,0,0,1,0,0,0
3834,0,0,0,1,0,0,0
3835,0,0,0,1,0,0,0
3836,0,0,0,1,0,0,0
3837,0,0,0,1,0,0,0
3838,0,0,0,1,0,0,0
3839,0,0,0,1,0,0,0
3840,0,0,0,1,0,0,0
3841,0,0,0,1,0,0,0
3842,0,0,0,1,0,0,0
3843,0,0,0,1,0,0,0
3844,0,0,0,1,0,0,0
3845,0,0,0,1,0,0,0
3846,0,0,0,1,0,0,0
3847,0,0,0,1,0,0,0
3848,0,0,0,1,0,0,0
3849,0,0,0,1,0,0,0
3850,0,0,0,1,0,0,0
3851,0,0,0,1,0,0,0
3852,0,0,0,1,0,0,0
3853,0,0,0,1,0,0,0
3854,0,0,0,1,0,0,0
3855,0,0,0,1,0,0,0
3856,0,0,0,1,0,0,0
3857,0,0,0,1,0,0,0
3858,0,0,0,1,0,0,0
3859,0,0,0,1,0,0,0
3860,0,0,0,1,0,0,0
3861,0,0,0,1,0,0,0
3862,0,0,0,1,0,0,0
3863,0,0,0,1,0,0,0
3864,0,0,0,1,0,0,0
3865,0,0,0,1,0,0,0
3866,0,0,0,1,0,0,0
3867,0,0,0,1,0,0,0
3868,0,0,0,1,0,0,0
3869,0,0,0,1,0,0,0
3870,0,0,0,1,0,0,0
3871,0,0,0,1,0,0,0
3872,0,0,0,1,0,0,0
3873,0,0,0,1,0,0,0
3874,0,0,0,1,0,0,0
3875,0,0,0,1,0,0,0
3876,0,0,0,1,0,0,0
3877,0,0,0,1,0,0,0
3878,0,0,0,1,0,0,0
3879,0,0,0,1,0,0,0
3880,0,0,0,1,0,0,0
3881,0,0,0,1,0,0,0
3882,0,0,0,1,0,0,0
3883,0,0,0,1,0,0,0
3884,0,0,0,1,0,0,0
3885,0,0,0,1,0,0,0
3886,0,0,0,1,0,0,0
3887,0,0,0,1,0,0,0
3888,0,0,0,1,0,0,0
3889,0,0,0,1,0,0,0
3890,0,0,0,1,0,0,0
3891,0,0,0,1,0,0,0
3892,0,0,0,1,0,0,0
3893,0,0,0,1,0,0,0
3894,0,0,0,1,0,0,0
3895,0,0,0,1,0,0,0
3896,0,0,0,1,0,0,0
3897,0,0,0,1,0,0,0
3898,0,0,0,1,0,0,0
3899,0,0,0,1,0,0,0
3900,0,0,0,1,0,0,0
3901,0,0,0,1,0,0,0
3902,0,0,0,1,0,0,0
3903,0,0,0,1,0,0,0
3904,0,0,0,1,0,0,0
3905,0,0,0,1,0,0,0
3906,0,0,0,1,0,0,0
3907,0,0,0,1,0,0,0
3908,0,0,0,1,0,0,0
3909,0,0,0,1,0,0,0
3910,0,0,0,1,0,0,0
3911,0,0,0,1,0,0,0
3912,0,0,0,1,0,0,0
3913,0,0,0,1,0,0,0
3914,0,0,0,1,0,0,0
3915,0,0,0,1,0,0,0
3916,0,0,0,1,0,0,0
3917,0,0,0,1,0,0,0
3918,0,0,0,1,0,0,0
3919,0,0,0,1,0,0,0
3920,0,0,0,1,0,0,0
3921,0,0,0,1,0,0,0
3922,0,0,0,1,0,0,0
3923,0,0,0,1,0,0,0
3924,0,0,0,1,0,0,0
3925,0,0,0,1,0,0,0
3926,0,0,0,1,0,0,0
3927,0,0,0,1,0,0,0
3928,0,0,0,1,0,0,0
3929,0,0,0,1,0,0,0
3930,0,0,0,1,0,0,0
3931,0,0,0,1,0,0,0
3932,0,0,0,1,0,0,0
3933,0,0,0,1,0,0,0
3934,0,0,0,1,0,0,0
3935,0,0,0,1,0,0,0
3936,0,0,0,1,0,0,0
3937,0,0,0,1,0,0,0
3938,0,0,0,1,0,0,0
3939,0,0,0,1,0,0,0
3940,0,0,0,1,0,0,0
3941,0,0,0,1,0,0,0
3942,0,0,0,1,0,0,0
4381,0,0,0,0,1,0,0
4382,0,0,0,0,1,0,0
4383,0,0,0,0,1,0,0
4384,0,0,0,0,1,0,0
4385,0,0,0,0,1,0,0
4386,0,0,0,0,1,0,0
4387,0,0,0,0,1,0,0
4388,0,0,0,0,1,0,0
4389,0,0,0,0,1,0,0
4390,0,0,0,0,1,0,0
4391,0,0,0,0,1,0,0
4392,0,0,0,0,1,0,0
4393,0,0,0,0,1,0,0
4394,0,0,0,0,1,0,0
4395,0,0,0,0,1,0,0
4396,0,0,0,0,1,0,0
4397,0,0,0,0,1,0,0
4398,0,0,0,0,1,0,0
4399,0,0,0,0,1,0,0
4400,0,0,0,0,1,0,0
4401,0,0,0,0,1,0,0
4402,0,0,0,0,1,0,0
4403,0,0,0,0,1,0,0
4404,0,0,0,0,1,0,0
4405,0,0,0,0,1,0,0
4406,0,0,0,0,1,0,0
4407,0,0,0,0,1,0,0
4408,0,0,0,0,1,0,0
4409,0,0,0,0,1,0,0
4410,0,0,0,0,1,0,0
4411,0,0,0,0,1,0,0
4412,0,0,0,0,1,0,0
4413,0,0,0,0,1,0,0
4414,0,0,0,0,1,0,0
4415,0,0,0,0,1,0,0
4416,0,0,0,0,1,0,0
4417,0,0,0,0,1,0,0
4418,0,0,0,0,1,0,0
4419,0,0,0,0,1,0,0
4420,0,0,0,0,1,0,0
4421,0,0,0,0,1,0,0
4422,0,0,0,0,1,0,0
4423,0,0,0,0,1,0,0
4424,0,0,0,0,1,0,0
4425,0,0,0,0,1,0,0
4426,0,0,0,0,1,0,0
4427,0,0,0,0,1,0,0
4428,0,0,0,0,1,0,0
4429,0,0,0,0,1,0,0
4430,0,0,0,0,1,0,0
4431,0,0,0,0,1,0,0
4432,0,0,0,0,1,0,0
4433,0,0,0,0,1,0,0
4434,0,0,0,0,1,0,0
4435,0,0,0,0,1,0,0
4436,0,0,0,0,1,0,0
4437,0,0,0,0,1,0,0
4438,0,0,0,0,1,0,0
4439,0,0,0,0,1,0,0
4440,0,0,0,0,1,0,0
4441,0,0,0,0,1,0,0
4442,0,0,0,0,1,0,0
4443,0,0,0,0,1,0,0
4444,0,0,0,0,1,0,0
4445,0,0,0,0,1,0,0
4446,0,0,0,0,1,0,0
4447,0,0,0,0,1,0,0
4448,0,0,0,0,1,0,0
4449,0,0,0,0,1,0,0
4450,0,0,0,0,1,0,0
4451,0,0,0,0,1,0,0
4452,0,0,0,0,1,0,0
4453,0,0,0,0,1,0,0
4454,0,0,0,0,1,0,0
4455,0,0,0,0,1,0,0
4456,0,0,0,0,1,0,0
4457,0,0,0,0,1,0,0
4458,0,0,0,0,1,0,0
4459,0,0,0,0,1,0,0
4460,0,0,0,0,1,0,0
4461,0,0,0,0,1,0,0
4462,0,0,0,0,1,0,0
4463,0,0,0,0,1,0,0
4464,0,0,0,0,1,0,0
4465,0,0,0,0,1,0,0
4466,0,0,0,0,1,0,0
4467,0,0,0,0,1,0,0
4468,0,0,0,0,1,0,0
4469,0,0,0,0,1,0,0
4470,0,0,0,0,1,0,0
4471,0,0,0,0,1,0,0
4472,0,0,0,0,1,0,0
4473,0,0,0,0,1,0,0
4474,0,0,0,0,1,0,0
4475,0,0,0,0,1,0,0
4476,0,0,0,0,1,0,0
4477,0,0,0,0,1,0,0
4478,0,0,0,0,1,0,0
4479,0,0,0,0,1,0,0
4480,0,0,0,0,1,0,0
4481,0,0,0,0,1,0,0
4482,0,0,0,0,1,0,0
4483,0,0,0,0,1,0,0
4484,0,0,0,0,1,0,0
4485,0,0,0,0,1,0,0
4486,0,0,0,0,1,0,0
4487,0,0,0,0,1,0,0
4488,0,0,0,0,1,0,0
4489,0,0,0,0,1,0,0
4490,0,0,0,0,1,0,0
4491,0,0,0,0,1,0,0
4492,0,0,0,0,1,0,0
4493,0,0,0,0,1,0,0
4494,0,0,0,0,1,0,0
4495,0,0,0,0,1,0,0
4496,0,0,0,0,1,0,0
4497,0,0,0,0,1,0,0
4498,0,0,0,0,1,0,0
4499,0,0,0,0,1,0,0
4500,0,0,0,0,1,0,0
4501,0,0,0,0,1,0,0
4502,0,0,0,0,1,0,0
4503,0,0,0,0,1,0,0
4504,0,0,0,0,1,0,0
4505,0,0,0,0,1,0,0
4506,0,0,0,0,1,0,0
4507,0,0,0,0,1,0,0
4508,0,0,0,0,1,0,0
4509,0,0,0,0,1,0,0
4510,0,0,0,0,1,0,0
4511,0,0,0,0,1,0,0
4512,0,0,0,0,1,0,0
4513,0,0,0,0,1,0,0
4514,0,0,0,0,1,0,0
4515,0,0,0,0,1,0,0
4516,0,0,0,0,1,0,0
4517,0,0,0,0,1,0,0
4518,0,0,0,0,1,0,0
4519,0,0,0,0,1,0,0
4520,0,0,0,0,1,0,0
4521,0,0,0,0,1,0,0
4522,0,0,0,0,1,0,0
4523,0,0,0,0,1,0,0
4524,0,0,0,0,1,0,0
4525,0,0,0,0,1,0,0
4526,0,0,0,0,1,0,0
4527,0,0,0,0,1,0,0
4528,0,0,0,0,1,0,0
4529,0,0,0,0,1,0,0
4530,0,0,0,0,1,0,0
4531,0,0,0,0,1,0,0
4532,0,0,0,0,1,0,0
4533,0,0,0,0,1,0,0
4534,0,0,0,0,1,0,0
4535,0,0,0,0,1,0,0
4536,0,0,0,0,1,0,0
4537,0,0,0,0,1,0,0
4538,0,0,0,0,1,0,0
4539,0,0,0,0,1,0,0
4540,0,0,0,0,1,0,0
4541,0,0,0,0,1,0,0
4542,0,0,0,0,1,0,0
4543,0,0,0,0,1,0,0
4544,0,0,0,0,1,0,0
4545,0,0,0,0,1,0,0
4546,0,0,0,0,1,0,0
4547,0,0,0,0,1,0,0
4548,0,0,0,0,1,0,0
4549,0,0,0,0,1,0,0
4550,0,0,0,0,1,0,0
4551,0,0,0,0,1,0,0
4552,0,0,0,0,1,0,0
4553,0,0,0,0,1,0,0
4554,0,0,0,0,1,0,0
4555,0,0,0,0,1,0,0
4556,0,0,0,0,1,0,0
4557,0,0,0,0,1,0,0
4558,0,0,0,0,1,0,0
4559,0,0,0,0,1,0,0
4560,0,0,0,0,1,0,0
4561,0,0,0,0,1,0,0
4562,0,0,0,0,1,0,0
4563,0,0,0,0,1,0,0
4564,0,0,0,0,1,0,0
4565,0,0,0,0,1,0,0
4566,0,0,0,0,1,0,0
4567,0,0,0,0,1,0,0
4568,0,0,0,0,1,0,0
4569,0,0,0,0,1,0,0
4570,0,0,0,0,1,0,0
4571,0,0,0,0,1,0,0
4572,0,0,0,0,1,0,0
4573,0,0,0,0,1,0,0
4574,0,0,0,0,1,0,0
4575,0,0,0,0,1,0,0
4576,0,0,0,0,1,0,0
4577,0,0,0,0,1,0,0
4578,0,0,0,0,1,0,0
4579,0,0,0,0,1,0,0
4580,0,0,0,0,1,0,0
4581,0,0,0,0,1,0,0
4582,0,0,0,0,1,0,0
4583,0,0,0,0,1,0,0
4584,0,0,0,0,1,0,0
4585,0,0,0,0,1,0,0
4586,0,0,0,0,1,0,0
4587,0,0,0,0,1,0,0
4588,0,0,0,0,1,0,0
4589,0,0,0,0,1,0,0
4590,0,0,0,0,1,0,0
4591,0,0,0,0,1,0,0
4592,0,0,0,0,1,0,0
4593,0,0,0,0,1,0,0
4594,0,0,0,0,1,0,0
4595,0,0,0,0,1,0,0
4596,0,0,0,0,1,0,0
4597,0,0,0,0,1,0,0
4598,0,0,0,0,1,0,0
4599,0,0,0,0,1,0,0
4600,0,0,0,0,1,0,0
4601,0,0,0,0,1,0,0
4602,0,0,0,0,1,0,0
4603,0,0,0,0,1,0,0
4604,0,0,0,0,1,0,0
4605,0,0,0,0,1,0,0
4606,0,0,0,0,1,0,0
4607,0,0,0,0,1,0,0
4608,0,0,0,0,1,0,0
4609,0,0,0,0,1,0,0
4610,0,0,0,0,1,0,0
4611,0,0,0,0,1,0,0
4612,0,0,0,0,1,0,0
4613,0,0,0,0,1,0,0
4614,0,0,0,0,1,0,0
4615,0,0,0,0,1,0,0
4616,0,0,0,0,1,0,0
4617,0,0,0,0,1,0,0
4618,0,0,0,0,1,0,0
4619,0,0,0,0,1,0,0
4620,0,0,0,0,1,0,0
4621,0,0,0,0,1,0,0
4622,0,0,0,0,1,0,0
4623,0,0,0,0,1,0,0
4624,0,0,0,0,1,0,0
4625,0,0,0,0,1,0,0
4626,0,0,0,0,1,0,0
4627,0,0,0,0,1,0,0
4628,0,0,0,0,1,0,0
4629,0,0,0,0,1,0,0
4630,0,0,0,0,1,0,0
4631,0,0,0,0,1,0,0
4632,0,0,0,0,1,0,0
4633,0,0,0,0,1,0,0
4634,0,0,0,0,1,0,0
4635,0,0,0,0,1,0,0
4636,0,0,0,0,1,0,0
4637,0,0,0,0,1,0,0
4638,0,0,0,0,1,0,0
4639,0,0,0,0,1,0,0
4640,0,0,0,0,1,0,0
4641,0,0,0,0,1,0,0
4642,0,0,0,0,1,0,0
4643,0,0,0,0,1,0,0
4644,0,0,0,0,1,0,0
4645,0,0,0,0,1,0,0
4646,0,0,0,0,1,0,0
4647,0,0,0,0,1,0,0
4648,0,0,0,0,1,0,0
4649,0,0,0,0,1,0,0
4650,0,0,0,0,1,0,0
4651,0,0,0,0,1,0,0
4652,0,0,0,0,1,0,0
4653,0,0,0,0,1,0,0
4654,0,0,0,0,1,0,0
4655,0,0,0,0,1,0,0
4656,0,0,0,0,1,0,0
4657,0,0,0,0,1,0,0
4658,0,0,0,0,1,0,0
4659,0,0,0,0,1,0,0
4660,0,0,0,0,1,0,0
4661,0,0,0,0,1,0,0
4662,0,0,0,0,1,0,0
4663,0,0,0,0,1,0,0
4664,0,0,0,0,1,0,0
4665,0,0,0,0,1,0,0
4666,0,0,0,0,1,0,0
4667,0,0,0,0,1,0,0
4668,0,0,0,0,1,0,0
4669,0,0,0,0,1,0,0
4670,0,0,0,0,1,0,0
4671,0,0,0,0,1,0,0
4672,0,0,0,0,1,0,0
4673,0,0,0,0,1,0,0
4674,0,0,0,0,1,0,0
4675,0,0,0,0,1,0,0
4676,0,0,0,0,1,0,0
4677,0,0,0,0,1,0,0
4678,0,0,0,0,1,0,0
4679,0,0,0,0,1,0,0
4680,0,0,0,0,1,0,0
4681,0,0,0,0,1,0,0
4682,0,0,0,0,1,0,0
4683,0,0,0,0,1,0,0
4684,0,0,0,0,1,0,0
4685,0,0,0,0,1,0,0
4686,0,0,0,0,1,0,0
4687,0,0,0,0,1,0,0
4688,0,0,0,0,1,0,0
4689,0,0,0,0,1,0,0
4690,0,0,0,0,1,0,0
4691,0,0,0,0,1,0,0
4692,0,0,0,0,1,0,0
4693,0,0,0,0,1,0,0
4694,0,0,0,0,1,0,0
4695,0,0,0,0,1,0,0
4696,0,0,0,0,1,0,0
4697,0,0,0,0,1,0,0
4698,0,0,0,0,1,0,0
4699,0,0,0,0,1,0,0
4700,0,0,0,0,1,0,0
4701,0,0,0,0,1,0,0
4702,0,0,0,0,1,0,0
4703,0,0,0,0,1,0,0
4704,0,0,0,0,1,0,0
4705,0,0,0,0,1,0,0
4706,0,0,0,0,1,0,0
4707,0,0,0,0,1,0,0
4708,0,0,0,0,1,0,0
4709,0,0,0,0,1,0,0
4710,0,0,0,0,1,0,0
4711,0,0,0,0,1,0,0
4712,0,0,0,0,1,0,0
4713,0,0,0,0,1,0,0
4714,0,0,0,0,1,0,0
4715,0,0,0,0,1,0,0
4716,0,0,0,0,1,0,0
4717,0,0,0,0,1,0,0
4718,0,0,0,0,1,0,0
4719,0,0,0,0,1,0,0
4720,0,0,0,0,1,0,0
4721,0,0,0,0,1,0,0
4722,0,0,0,0,1,0,0
4723,0,0,0,0,1,0,0
4724,0,0,0,0,1,0,0
4725,0,0,0,0,1,0,0
4726,0,0,0,0,1,0,0
4727,0,0,0,0,1,0,0
4728,0,0,0,0,1,0,0
4729,0,0,0,0,1,0,0
4730,0,0,0,0,1,0,0
4731,0,0,0,0,1,0,0
4732,0,0,0,0,1,0,0
4733,0,0,0,0,1,0,0
4734,0,0,0,0,1,0,0
4735,0,0,0,0,1,0,0
4736,0,0,0,0,1,0,0
4737,0,0,0,0,1,0,0
4738,0,0,0,0,1,0,0
4739,0,0,0,0,1,0,0
4740,0,0,0,0,1,0,0
4741,0,0,0,0,1,0,0
4742,0,0,0,0,1,0,0
4743,0,0,0,0,1,0,0
4744,0,0,0,0,1,0,0
4745,0,0,0,0,1,0,0
4746,0,0,0,0,1,0,0
4747,0,0,0,0,1,0,0
4748,0,0,0,0,1,0,0
4749,0,0,0,0,1,0,0
4750,0,0,0,0,1,0,0
4751,0,0,0,0,1,0,0
4752,0,0,0,0,1,0,0
4753,0,0,0,0,1,0,0
4754,0,0,0,0,1,0,0
4755,0,0,0,0,1,0,0
4756,0,0,0,0,1,0,0
4757,0,0,0,0,1,0,0
4758,0,0,0,0,1,0,0
4759,0,0,0,0,1,0,0
4760,0,0,0,0,1,0,0
4761,0,0,0,0,1,0,0
4762,0,0,0,0,1,0,0
4763,0,0,0,0,1,0,0
4764,0,0,0,0,1,0,0
4765,0,0,0,0,1,0,0
4766,0,0,0,0,1,0,0
4767,0,0,0,0,1,0,0
4768,0,0,0,0,1,0,0
4769,0,0,0,0,1,0,0
4770,0,0,0,0,1,0,0
4771,0,0,0,0,1,0,0
4772,0,0,0,0,1,0,0
4773,0,0,0,0,1,0,0
4774,0,0,0,0,1,0,0
4775,0,0,0,0,1,0,0
4776,0,0,0,0,1,0,0
4777,0,0,0,0,1,0,0
4778,0,0,0,0,1,0,0
4779,0,0,0,0,1,0,0
4780,0,0,0,0,1,0,0
4781,0,0,0,0,1,0,0
4782,0,0,0,0,1,0,0
4783,0,0,0,0,1,0,0
4784,0,0,0,0,1,0,0
4785,0,0,0,0,1,0,0
4786,0,0,0,0,1,0,0
4787,0,0,0,0,1,0,0
4788,0,0,0,0,1,0,0
4789,0,0,0,0,1,0,0
4790,0,0,0,0,1,0,0
4791,0,0,0,0,1,0,0
4792,0,0,0,0,1,0,0
4793,0,0,0,0,1,0,0
4794,0,0,0,0,1,0,0
4795,0,0,0,0,1,0,0
4796,0,0,0,0,1,0,0
4797,0,0,0,0,1,0,0
4798,0,0,0,0,1,0,0
4799,0,0,0,0,1,0,0
4800,0,0,0,0,1,0,0
4801,0,0,0,0,1,0,0
4802,0,0,0,0,1,0,0
4803,0,0,0,0,1,0,0
4804,0,0,0,0,1,0,0
4805,0,0,0,0,1,0,0
4806,0,0,0,0,1,0,0
4807,0,0,0,0,1,0,0
4808,0,0,0,0,1,0,0
4809,0,0,0,0,1,0,0
4810,0,0,0,0,1,0,0
4811,0,0,0,0,1,0,0
4812,0,0,0,0,1,0,0
4813,0,0,0,0,1,0,0
4814,0,0,0,0,1,0,0
4815,0,0,0,0,1,0,0
4816,0,0,0,0,1,0,0
4817,0,0,0,0,1,0,0
4818,0,0,0,0,1,0,0
4819,0,0,0,0,1,0,0
4820,0,0,0,0,1,0,0
4821,0,0,0,0,1,0,0
4822,0,0,0,0,1,0,0
4823,0,0,0,0,1,0,0
4824,0,0,0,0,1,0,0
4825,0,0,0,0,1,0,0
4826,0,0,0,0,1,0,0
4827,0,0,0,0,1,0,0
4828,0,0,0,0,1,0,0
4829,0,0,0,0,1,0,0
4830,0,0,0,0,1,0,0
4831,0,0,0,0,1,0,0
4832,0,0,0,0,1,0,0
4833,0,0,0,0,1,0,0
4834,0,0,0,0,1,0,0
4835,0,0,0,0,1,0,0
4836,0,0,0,0,1,0,0
4837,0,0,0,0,1,0,0
4838,0,0,0,0,1,0,0
4839,0,0,0,0,1,0,0
4840,0,0,0,0,1,0,0
4841,0,0,0,0,1,0,0
4842,0,0,0,0,1,0,0
4843,0,0,0,0,1,0,0
4844,0,0,0,0,1,0,0
4845,0,0,0,0,1,0,0
4846,0,0,0,0,1,0,0
4847,0,0,0,0,1,0,0
4848,0,0,0,0,1,0,0
4849,0,0,0,0,1,0,0
4850,0,0,0,0,1,0,0
4851,0,0,0,0,1,0,0
4852,0,0,0,0,1,0,0
4853,0,0,0,0,1,0,0
4854,0,0,0,0,1,0,0
4855,0,0,0,0,1,0,0
4856,0,0,0,0,1,0,0
4857,0,0,0,0,1,0,0
4858,0,0,0,0,1,0,0
4859,0,0,0,0,1,0,0
4860,0,0,0,0,1,0,0
4861,0,0,0,0,1,0,0
4862,0,0,0,0,1,0,0
4863,0,0,0,0,1,0,0
4864,0,0,0,0,1,0,0
4865,0,0,0,0,1,0,0
4866,0,0,0,0,1,0,0
4867,0,0,0,0,1,0,0
4868,0,0,0,0,1,0,0
4869,0,0,0,0,1,0,0
4870,0,0,0,0,1,0,0
4871,0,0,0,0,1,0,0
4872,0,0,0,0,1,0,0
4873,0,0,0,0,1,0,0
4874,0,0,0,0,1,0,0
4875,0,0,0,0,1,0,0
4876,0,0,0,0,1,0,0
4877,0,0,0,0,1,0,0
4878,0,0,0,0,1,0,0
4879,0,0,0,0,1,0,0
4880,0,0,0,0,1,0,0
4881,0,0,0,0,1,0,0
4882,0,0,0,0,1,0,0
4883,0,0,0,0,1,0,0
4884,0,0,0,0,1,0,0
4885,0,0,0,0,1,0,0
4886,0,0,0,0,1,0,0
4887,0,0,0,0,1,0,0
4888,0,0,0,0,1,0,0
4889,0,0,0,0,1,0,0
4890,0,0,0,0,1,0,0
4891,0,0,0,0,1,0,0
4892,0,0,0,0,1,0,0
4893,0,0,0,0,1,0,0
4894,0,0,0,0,1,0,0
4895,0,0,0,0,1,0,0
4896,0,0,0,0,1,0,0
4897,0,0,0,0,1,0,0
4898,0,0,0,0,1,0,0
4899,0,0,0,0,1,0,0
4900,0,0,0,0,1,0,0
4901,0,0,0,0,1,0,0
4902,0,0,0,0,1,0,0
4903,0,0,0,0,1,0,0
4904,0,0,0,0,1,0,0
4905,0,0,0,0,1,0,0
4906,0,0,0,0,1,0,0
4907,0,0,0,0,1,0,0
4908,0,0,0,0,1,0,0
4909,0,0,0,0,1,0,0
4910,0,0,0,0,1,0,0
4911,0,0,0,0,1,0,0
4912,0,0,0,0,1,0,0
4913,0,0,0,0,1,0,0
4914,0,0,0,0,1,0,0
4915,0,0,0,0,1,0,0
4916,0,0,0,0,1,0,0
4917,0,0,0,0,1,0,0
4918,0,0,0,0,1,0,0
4919,0,0,0,0,1,0,0
4920,0,0,0,0,1,0,0
4921,0,0,0,0,1,0,0
4922,0,0,0,0,1,0,0
4923,0,0,0,0,1,0,0
4924,0,0,0,0,1,0,0
4925,0,0,0,0,1,0,0
4926,0,0,0,0,1,0,0
4927,0,0,0,0,1,0,0
4928,0,0,0,0,1,0,0
4929,0,0,0,0,1,0,0
4930,0,0,0,0,1,0,0
4931,0,0,0,0,1,0,0
4932,0,0,0,0,1,0,0
4933,0,0,0,0,1,0,0
4934,0,0,0,0,1,0,0
4935,0,0,0,0,1,0,0
4936,0,0,0,0,1,0,0
4937,0,0,0,0,1,0,0
4938,0,0,0,0,1,0,0
4939,0,0,0,0,1,0,0
4940,0,0,0,0,1,0,0
4941,0,0,0,0,1,0,0
4942,0,0,0,0,1,0,0
4943,0,0,0,0,1,0,0
4944,0,0,0,0,1,0,0
4945,0,0,0,0,1,0,0
4946,0,0,0,0,1,0,0
4947,0,0,0,0,1,0,0
4948,0,0,0,0,1,0,0
4949,0,0,0,0,1,0,0
4950,0,0,0,0,1,0,0
4951,0,0,0,0,1,0,0
4952,0,0,0,0,1,0,0
4953,0,0,0,0,1,0,0
4954,0,0,0,0,1,0,0
4955,0,0,0,0,1,0,0
4956,0,0,0,0,1,0,0
4957,0,0,0,0,1,0,0
4958,0,0,0,0,1,0,0
4959,0,0,0,0,1,0,0
4960,0,0,0,0,1,0,0
4961,0,0,0,0,1,0,0
4962,0,0,0,0,1,0,0
4963,0,0,0,0,1,0,0
4964,0,0,0,0,1,0,0
4965,0,0,0,0,1,0,0
4966,0,0,0,0,1,0,0
4967,0,0,0,0,1,0,0
4968,0,0,0,0,1,0,0
4969,0,0,0,0,1,0,0
4970,0,0,0,0,1,0,0
4971,0,0,0,0,1,0,0
4972,0,0,0,0,1,0,0
4973,0,0,0,0,1,0,0
4974,0,0,0,0,1,0,0
4975,0,0,0,0,1,0,0
4976,0,0,0,0,1,0,0
4977,0,0,0,0,1,0,0
4978,0,0,0,0,1,0,0
4979,0,0,0,0,1,0,0
4980,0,0,0,0,1,0,0
4981,0,0,0,0,1,0,0
4982,0,0,0,0,1,0,0
4983,0,0,0,0,1,0,0
4984,0,0,0,0,1,0,0
4985,0,0,0,0,1,0,0
4986,0,0,0,0,1,0,0
4987,0,0,0,0,1,0,0
4988,0,0,0,0,1,0,0
4989,0,0,0,0,1,0,0
4990,0,0,0,0,1,0,0
4991,0,0,0,0,1,0,0
4992,0,0,0,0,1,0,0
4993,0,0,0,0,1,0,0
4994,0,0,0,0,1,0,0
4995,0,0,0,0,1,0,0
4996,0,0,0,0,1,0,0
4997,0,0,0,0,1,0,0
4998,0,0,0,0,1,0,0
4999,0,0,0,0,1,0,0
5000,0,0,0,0,1,0,0
5001,0,0,0,0,1,0,0
5002,0,0,0,0,1,0,0
5003,0,0,0,0,1,0,0
5004,0,0,0,0,1,0,0
5005,0,0,0,0,1,0,0
5006,0,0,0,0,1,0,0
5007,0,0,0,0,1,0,0
5008,0,0,0,0,1,0,0
5009,0,0,0,0,1,0,0
5010,0,0,0,0,1,0,0
5011,0,0,0,0,1,0,0
5012,0,0,0,0,1,0,0
5013,0,0,0,0,1,0,0
5014,0,0,0,0,1,0,0
5015,0,0,0,0,1,0,0
5016,0,0,0,0,1,0,0
5017,0,0,0,0,1,0,0
5018,0,0,0,0,1,0,0
5019,0,0,0,0,1,0,0
5020,0,0,0,0,1,0,0
5021,0,0,0,0,1,0,0
5022,0,0,0,0,1,0,0
5023,0,0,0,0,1,0,0
5024,0,0,0,0,1,0,0
5025,0,0,0,0,1,0,0
5026,0,0,0,0,1,0,0
5027,0,0,0,0,1,0,0
5028,0,0,0,0,1,0,0
5029,0,0,0,0,1,0,0
5030,0,0,0,0,1,0,0
5031,0,0,0,0,1,0,0
5032,0,0,0,0,1,0,0
5033,0,0,0,0,1,0,0
5034,0,0,0,0,1,0,0
5035,0,0,0,0,1,0,0
5036,0,0,0,0,1,0,0
5475,0,0,0,0,0,1,0
5476,0,0,0,0,0,1,0
5477,0,0,0,0,0,1,0
5478,0,0,0,0,0,1,0
5479,0,0,0,0,0,1,0
5480,0,0,0,0,0,1,0
5481,0,0,0,0,0,1,0
5482,0,0,0,0,0,1,0
5483,0,0,0,0,0,1,0
5484,0,0,0,0,0,1,0
5485,0,0,0,0,0,1,0
5486,0,0,0,0,0,1,0
5487,0,0,0,0,0,1,0
5488,0,0,0,0,0,1,0
5489,0,0,0,0,0,1,0
5490,0,0,0,0,0,1,0
5491,0,0,0,0,0,1,0
5492,0,0,0,0,0,1,0
5493,0,0,0,0,0,1,0
5494,0,0,0,0,0,1,0
5495,0,0,0,0,0,1,0
5496,0,0,0,0,0,1,0
5497,0,0,0,0,0,1,0
5498,0,0,0,0,0,1,0
5499,0,0,0,0,0,1,0
5500,0,0,0,0,0,1,0
5501,0,0,0,0,0,1,0
5502,0,0,0,0,0,1,0
5503,0,0,0,0,0,1,0
5504,0,0,0,0,0,1,0
5505,0,0,0,0,0,1,0
5506,0,0,0,0,0,1,0
5507,0,0,0,0,0,1,0
5508,0,0,0,0,0,1,0
5509,0,0,0,0,0,1,0
5510,0,0,0,0,0,1,0
5511,0,0,0,0,0,1,0
5512,0,0,0,0,0,1,0
5513,0,0,0,0,0,1,0
5514,0,0,0,0,0,1,0
5515,0,0,0,0,0,1,0
5516,0,0,0,0,0,1,0
5517,0,0,0,0,0,1,0
5518,0,0,0,0,0,1,0
5519,0,0,0,0,0,1,0
5520,0,0,0,0,0,1,0
5521,0,0,0,0,0,1,0
5522,0,0,0,0,0,1,0
5523,0,0,0,0,0,1,0
5524,0,0,0,0,0,1,0
5525,0,0,0,0,0,1,0
5526,0,0,0,0,0,1,0
5527,0,0,0,0,0,1,0
5528,0,0,0,0,0,1,0
5529,0,0,0,0,0,1,0
5530,0,0,0,0,0,1,0
5531,0,0,0,0,0,1,0
5532,0,0,0,0,0,1,0
5533,0,0,0,0,0,1,0
5534,0,0,0,0,0,1,0
5535,0,0,0,0,0,1,0
5536,0,0,0,0,0,1,0
5537,0,0,0,0,0,1,0
5538,0,0,0,0,0,1,0
5539,0,0,0,0,0,1,0
5540,0,0,0,0,0,1,0
5541,0,0,0,0,0,1,0
5542,0,0,0,0,0,1,0
5543,0,0,0,0,0,1,0
5544,0,0,0,0,0,1,0
5545,0,0,0,0,0,1,0
5546,0,0,0,0,0,1,0
5547,0,0,0,0,0,1,0
5548,0,0,0,0,0,1,0
5549,0,0,0,0,0,1,0
5550,0,0,0,0,0,1,0
5551,0,0,0,0,0,1,0
5552,0,0,0,0,0,1,0
5553,0,0,0,0,0,1,0
5554,0,0,0,0,0,1,0
5555,0,0,0,0,0,1,0
5556,0,0,0,0,0,1,0
5557,0,0,0,0,0,1,0
5558,0,0,0,0,0,1,0
5559,0,0,0,0,0,1,0
5560,0,0,0,0,0,1,0
5561,0,0,0,0,0,1,0
5562,0,0,0,0,0,1,0
5563,0,0,0,0,0,1,0
5564,0,0,0,0,0,1,0
5565,0,0,0,0,0,1,0
5566,0,0,0,0,0,1,0
5567,0,0,0,0,0,1,0
5568,0,0,0,0,0,1,0
5569,0,0,0,0,0,1,0
5570,0,0,0,0,0,1,0
5571,0,0,0,0,0,1,0
5572,0,0,0,0,0,1,0
5573,0,0,0,0,0,1,0
5574,0,0,0,0,0,1,0
5575,0,0,0,0,0,1,0
5576,0,0,0,0,0,1,0
5577,0,0,0,0,0,1,0
5578,0,0,0,0,0,1,0
5579,0,0,0,0,0,1,0
5580,0,0,0,0,0,1,0
5581,0,0,0,0,0,1,0
5582,0,0,0,0,0,1,0
5583,0,0,0,0,0,1,0
5584,0,0,0,0,0,1,0
5585,0,0,0,0,0,1,0
5586,0,0,0,0,0,1,0
5587,0,0,0,0,0,1,0
5588,0,0,0,0,0,1,0
5589,0,0,0,0,0,1,0
5590,0,0,0,0,0,1,0
5591,0,0,0,0,0,1,0
5592,0,0,0,0,0,1,0
5593,0,0,0,0,0,1,0
5594,0,0,0,0,0,1,0
5595,0,0,0,0,0,1,0
5596,0,0,0,0,0,1,0
5597,0,0,0,0,0,1,0
5598,0,0,0,0,0,1,0
5599,0,0,0,0,0,1,0
5600,0,0,0,0,0,1,0
5601,0,0,0,0,0,1,0
5602,0,0,0,0,0,1,0
5603,0,0,0,0,0,1,0
5604,0,0,0,0,0,1,0
5605,0,0,0,0,0,1,0
5606,0,0,0,0,0,1,0
5607,0,0,0,0,0,1,0
5608,0,0,0,0,0,1,0
5609,0,0,0,0,0,1,0
5610,0,0,0,0,0,1,0
5611,0,0,0,0,0,1,0
5612,0,0,0,0,0,1,0
5613,0,0,0,0,0,1,0
5614,0,0,0,0,0,1,0
5615,0,0,0,0,0,1,0
5616,0,0,0,0,0,1,0
5617,0,0,0,0,0,1,0
5618,0,0,0,0,0,1,0
5619,0,0,0,0,0,1,0
5620,0,0,0,0,0,1,0
5621,0,0,0,0,0,1,0
5622,0,0,0,0,0,1,0
5623,0,0,0,0,0,1,0
5624,0,0,0,0,0,1,0
5625,0,0,0,0,0,1,0
5626,0,0,0,0,0,1,0
5627,0,0,0,0,0,1,0
5628,0,0,0,0,0,1,0
5629,0,0,0,0,0,1,0
5630,0,0,0,0,0,1,0
5631,0,0,0,0,0,1,0
5632,0,0,0,0,0,1,0
5633,0,0,0,0,0,1,0
5634,0,0,0,0,0,1,0
5635,0,0,0,0,0,1,0
5636,0,0,0,0,0,1,0
5637,0,0,0,0,0,1,0
5638,0,0,0,0,0,1,0
5639,0,0,0,0,0,1,0
5640,0,0,0,0,0,1,0
5641,0,0,0,0,0,1,0
5642,0,0,0,0,0,1,0
5643,0,0,0,0,0,1,0
5644,0,0,0,0,0,1,0
5645,0,0,0,0,0,1,0
5646,0,0,0,0,0,1,0
5647,0,0,0,0,0,1,0
5648,0,0,0,0,0,1,0
5649,0,0,0,0,0,1,0
5650,0,0,0,0,0,1,0
5651,0,0,0,0,0,1,0
5652,0,0,0,0,0,1,0
5653,0,0,0,0,0,1,0
5654,0,0,0,0,0,1,0
5655,0,0,0,0,0,1,0
5656,0,0,0,0,0,1,0
5657,0,0,0,0,0,1,0
5658,0,0,0,0,0,1,0
5659,0,0,0,0,0,1,0
5660,0,0,0,0,0,1,0
5661,0,0,0,0,0,1,0
5662,0,0,0,0,0,1,0
5663,0,0,0,0,0,1,0
5664,0,0,0,0,0,1,0
5665,0,0,0,0,0,1,0
5666,0,0,0,0,0,1,0
5667,0,0,0,0,0,1,0
5668,0,0,0,0,0,1,0
5669,0,0,0,0,0,1,0
5670,0,0,0,0,0,1,0
5671,0,0,0,0,0,1,0
5672,0,0,0,0,0,1,0
5673,0,0,0,0,0,1,0
5674,0,0,0,0,0,1,0
5675,0,0,0,0,0,1,0
5676,0,0,0,0,0,1,0
5677,0,0,0,0,0,1,0
5678,0,0,0,0,0,1,0
5679,0,0,0,0,0,1,0
5680,0,0,0,0,0,1,0
5681,0,0,0,0,0,1,0
5682,0,0,0,0,0,1,0
5683,0,0,0,0,0,1,0
5684,0,0,0,0,0,1,0
5685,0,0,0,0,0,1,0
5686,0,0,0,0,0,1,0
5687,0,0,0,0,0,1,0
5688,0,0,0,0,0,1,0
5689,0,0,0,0,0,1,0
5690,0,0,0,0,0,1,0
5691,0,0,0,0,0,1,0
5692,0,0,0,0,0,1,0
5693,0,0,0,0,0,1,0
5694,0,0,0,0,0,1,0
5695,0,0,0,0,0,1,0
5696,0,0,0,0,0,1,0
5697,0,0,0,0,0,1,0
5698,0,0,0,0,0,1,0
5699,0,0,0,0,0,1,0
5700,0,0,0,0,0,1,0
5701,0,0,0,0,0,1,0
5702,0,0,0,0,0,1,0
5703,0,0,0,0,0,1,0
5704,0,0,0,0,0,1,0
5705,0,0,0,0,0,1,0
5706,0,0,0,0,0,1,0
5707,0,0,0,0,0,1,0
5708,0,0,0,0,0,1,0
5709,0,0,0,0,0,1,0
5710,0,0,0,0,0,1,0
5711,0,0,0,0,0,1,0
5712,0,0,0,0,0,1,0
5713,0,0,0,0,0,1,0
5714,0,0,0,0,0,1,0
5715,0,0,0,0,0,1,0
5716,0,0,0,0,0,1,0
5717,0,0,0,0,0,1,0
5718,0,0,0,0,0,1,0
5719,0,0,0,0,0,1,0
5720,0,0,0,0,0,1,0
5721,0,0,0,0,0,1,0
5722,0,0,0,0,0,1,0
5723,0,0,0,0,0,1,0
5724,0,0,0,0,0,1,0
5725,0,0,0,0,0,1,0
5726,0,0,0,0,0,1,0
5727,0,0,0,0,0,1,0
5728,0,0,0,0,0,1,0
5729,0,0,0,0,0,1,0
5730,0,0,0,0,0,1,0
5731,0,0,0,0,0,1,0
5732,0,0,0,0,0,1,0
5733,0,0,0,0,0,1,0
5734,0,0,0,0,0,1,0
5735,0,0,0,0,0,1,0
5736,0,0,0,0,0,1,0
5737,0,0,0,0,0,1,0
5738,0,0,0,0,0,1,0
5739,0,0,0,0,0,1,0
5740,0,0,0,0,0,1,0
5741,0,0,0,0,0,1,0
5742,0,0,0,0,0,1,0
5743,0,0,0,0,0,1,0
5744,0,0,0,0,0,1,0
5745,0,0,0,0,0,1,0
5746,0,0,0,0,0,1,0
5747,0,0,0,0,0,1,0
5748,0,0,0,0,0,1,0
5749,0,0,0,0,0,1,0
5750,0,0,0,0,0,1,0
5751,0,0,0,0,0,1,0
5752,0,0,0,0,0,1,0
5753,0,0,0,0,0,1,0
5754,0,0,0,0,0,1,0
5755,0,0,0,0,0,1,0
5756,0,0,0,0,0,1,0
5757,0,0,0,0,0,1,0
5758,0,0,0,0,0,1,0
5759,0,0,0,0,0,1,0
5760,0,0,0,0,0,1,0
5761,0,0,0,0,0,1,0
5762,0,0,0,0,0,1,0
5763,0,0,0,0,0,1,0
5764,0,0,0,0,0,1,0
5765,0,0,0,0,0,1,0
5766,0,0,0,0,0,1,0
5767,0,0,0,0,0,1,0
5768,0,0,0,0,0,1,0
5769,0,0,0,0,0,1,0
5770,0,0,0,0,0,1,0
5771,0,0,0,0,0,1,0
5772,0,0,0,0,0,1,0
5773,0,0,0,0,0,1,0
5774,0,0,0,0,0,1,0
5775,0,0,0,0,0,1,0
5776,0,0,0,0,0,1,0
5777,0,0,0,0,0,1,0
5778,0,0,0,0,0,1,0
5779,0,0,0,0,0,1,0
5780,0,0,0,0,0,1,0
5781,0,0,0,0,0,1,0
5782,0,0,0,0,0,1,0
5783,0,0,0,0,0,1,0
5784,0,0,0,0,0,1,0
5785,0,0,0,0,0,1,0
5786,0,0,0,0,0,1,0
5787,0,0,0,0,0,1,0
5788,0,0,0,0,0,1,0
5789,0,0,0,0,0,1,0
5790,0,0,0,0,0,1,0
5791,0,0,0,0,0,1,0
5792,0,0,0,0,0,1,0
5793,0,0,0,0,0,1,0
5794,0,0,0,0,0,1,0
5795,0,0,0,0,0,1,0
5796,0,0,0,0,0,1,0
5797,0,0,0,0,0,1,0
5798,0,0,0,0,0,1,0
5799,0,0,0,0,0,1,0
5800,0,0,0,0,0,1,0
5801,0,0,0,0,0,1,0
5802,0,0,0,0,0,1,0
5803,0,0,0,0,0,1,0
5804,0,0,0,0,0,1,0
5805,0,0,0,0,0,1,0
5806,0,0,0,0,0,1,0
5807,0,0,0,0,0,1,0
5808,0,0,0,0,0,1,0
5809,0,0,0,0,0,1,0
5810,0,0,0,0,0,1,0
5811,0,0,0,0,0,1,0
5812,0,0,0,0,0,1,0
5813,0,0,0,0,0,1,0
5814,0,0,0,0,0,1,0
5815,0,0,0,0,0,1,0
5816,0,0,0,0,0,1,0
5817,0,0,0,0,0,1,0
5818,0,0,0,0,0,1,0
5819,0,0,0,0,0,1,0
5820,0,0,0,0,0,1,0
5821,0,0,0,0,0,1,0
5822,0,0,0,0,0,1,0
5823,0,0,0,0,0,1,0
5824,0,0,0,0,0,1,0
5825,0,0,0,0,0,1,0
5826,0,0,0,0,0,1,0
5827,0,0,0,0,0,1,0
5828,0,0,0,0,0,1,0
5829,0,0,0,0,0,1,0
5830,0,0,0,0,0,1,0
5831,0,0,0,0,0,1,0
5832,0,0,0,0,0,1,0
5833,0,0,0,0,0,1,0
5834,0,0,0,0,0,1,0
5835,0,0,0,0,0,1,0
5836,0,0,0,0,0,1,0
5837,0,0,0,0,0,1,0
5838,0,0,0,0,0,1,0
5839,0,0,0,0,0,1,0
5840,0,0,0,0,0,1,0
5841,0,0,0,0,0,1,0
5842,0,0,0,0,0,1,0
5843,0,0,0,0,0,1,0
5844,0,0,0,0,0,1,0
5845,0,0,0,0,0,1,0
5846,0,0,0,0,0,1,0
5847,0,0,0,0,0,1,0
5848,0,0,0,0,0,1,0
5849,0,0,0,0,0,1,0
5850,0,0,0,0,0,1,0
5851,0,0,0,0,0,1,0
5852,0,0,0,0,0,1,0
5853,0,0,0,0,0,1,0
5854,0,0,0,0,0,1,0
5855,0,0,0,0,0,1,0
5856,0,0,0,0,0,1,0
5857,0,0,0,0,0,1,0
5858,0,0,0,0,0,1,0
5859,0,0,0,0,0,1,0
5860,0,0,0,0,0,1,0
5861,0,0,0,0,0,1,0
5862,0,0,0,0,0,1,0
5863,0,0,0,0,0,1,0
5864,0,0,0,0,0,1,0
5865,0,0,0,0,0,1,0
5866,0,0,0,0,0,1,0
5867,0,0,0,0,0,1,0
5868,0,0,0,0,0,1,0
5869,0,0,0,0,0,1,0
5870,0,0,0,0,0,1,0
5871,0,0,0,0,0,1,0
5872,0,0,0,0,0,1,0
5873,0,0,0,0,0,1,0
5874,0,0,0,0,0,1,0
5875,0,0,0,0,0,1,0
5876,0,0,0,0,0,1,0
5877,0,0,0,0,0,1,0
5878,0,0,0,0,0,1,0
5879,0,0,0,0,0,1,0
5880,0,0,0,0,0,1,0
5881,0,0,0,0,0,1,0
5882,0,0,0,0,0,1,0
5883,0,0,0,0,0,1,0
5884,0,0,0,0,0,1,0
5885,0,0,0,0,0,1,0
5886,0,0,0,0,0,1,0
5887,0,0,0,0,0,1,0
5888,0,0,0,0,0,1,0
5889,0,0,0,0,0,1,0
5890,0,0,0,0,0,1,0
5891,0,0,0,0,0,1,0
5892,0,0,0,0,0,1,0
5893,0,0,0,0,0,1,0
5894,0,0,0,0,0,1,0
5895,0,0,0,0,0,1,0
5896,0,0,0,0,0,1,0
5897,0,0,0,0,0,1,0
5898,0,0,0,0,0,1,0
5899,0,0,0,0,0,1,0
5900,0,0,0,0,0,1,0
5901,0,0,0,0,0,1,0
5902,0,0,0,0,0,1,0
5903,0,0,0,0,0,1,0
5904,0,0,0,0,0,1,0
5905,0,0,0,0,0,1,0
5906,0,0,0,0,0,1,0
5907,0,0,0,0,0,1,0
5908,0,0,0,0,0,1,0
5909,0,0,0,0,0,1,0
5910,0,0,0,0,0,1,0
5911,0,0,0,0,0,1,0
5912,0,0,0,0,0,1,0
5913,0,0,0,0,0,1,0
5914,0,0,0,0,0,1,0
5915,0,0,0,0,0,1,0
5916,0,0,0,0,0,1,0
5917,0,0,0,0,0,1,0
5918,0,0,0,0,0,1,0
5919,0,0,0,0,0,1,0
5920,0,0,0,0,0,1,0
5921,0,0,0,0,0,1,0
5922,0,0,0,0,0,1,0
5923,0,0,0,0,0,1,0
5924,0,0,0,0,0,1,0
5925,0,0,0,0,0,1,0
5926,0,0,0,0,0,1,0
5927,0,0,0,0,0,1,0
5928,0,0,0,0,0,1,0
5929,0,0,0,0,0,1,0
5930,0,0,0,0,0,1,0
5931,0,0,0,0,0,1,0
5932,0,0,0,0,0,1,0
5933,0,0,0,0,0,1,0
5934,0,0,0,0,0,1,0
5935,0,0,0,0,0,1,0
5936,0,0,0,0,0,1,0
5937,0,0,0,0,0,1,0
5938,0,0,0,0,0,1,0
5939,0,0,0,0,0,1,0
5940,0,0,0,0,0,1,0
5941,0,0,0,0,0,1,0
5942,0,0,0,0,0,1,0
5943,0,0,0,0,0,1,0
5944,0,0,0,0,0,1,0
5945,0,0,0,0,0,1,0
5946,0,0,0,0,0,1,0
5947,0,0,0,0,0,1,0
5948,0,0,0,0,0,1,0
5949,0,0,0,0,0,1,0
5950,0,0,0,0,0,1,0
5951,0,0,0,0,0,1,0
5952,0,0,0,0,0,1,0
5953,0,0,0,0,0,1,0
5954,0,0,0,0,0,1,0
5955,0,0,0,0,0,1,0
5956,0,0,0,0,0,1,0
5957,0,0,0,0,0,1,0
5958,0,0,0,0,0,1,0
5959,0,0,0,0,0,1,0
5960,0,0,0,0,0,1,0
5961,0,0,0,0,0,1,0
5962,0,0,0,0,0,1,0
5963,0,0,0,0,0,1,0
5964,0,0,0,0,0,1,0
5965,0,0,0,0,0,1,0
5966,0,0,0,0,0,1,0
5967,0,0,0,0,0,1,0
5968,0,0,0,0,0,1,0
5969,0,0,0,0,0,1,0
5970,0,0,0,0,0,1,0
5971,0,0,0,0,0,1,0
5972,0,0,0,0,0,1,0
5973,0,0,0,0,0,1,0
5974,0,0,0,0,0,1,0
5975,0,0,0,0,0,1,0
5976,0,0,0,0,0,1,0
5977,0,0,0,0,0,1,0
5978,0,0,0,0,0,1,0
5979,0,0,0,0,0,1,0
5980,0,0,0,0,0,1,0
5981,0,0,0,0,0,1,0
5982,0,0,0,0,0,1,0
5983,0,0,0,0,0,1,0
5984,0,0,0,0,0,1,0
5985,0,0,0,0,0,1,0
5986,0,0,0,0,0,1,0
5987,0,0,0,0,0,1,0
5988,0,0,0,0,0,1,0
5989,0,0,0,0,0,1,0
5990,0,0,0,0,0,1,0
5991,0,0,0,0,0,1,0
5992,0,0,0,0,0,1,0
5993,0,0,0,0,0,1,0
5994,0,0,0,0,0,1,0
5995,0,0,0,0,0,1,0
5996,0,0,0,0,0,1,0
5997,0,0,0,0,0,1,0
5998,0,0,0,0,0,1,0
5999,0,0,0,0,0,1,0
6000,0,0,0,0,0,1,0
6001,0,0,0,0,0,1,0
6002,0,0,0,0,0,1,0
6003,0,0,0,0,0,1,0
6004,0,0,0,0,0,1,0
6005,0,0,0,0,0,1,0
6006,0,0,0,0,0,1,0
6007,0,0,0,0,0,1,0
6008,0,0,0,0,0,1,0
6009,0,0,0,0,0,1,0
6010,0,0,0,0,0,1,0
6011,0,0,0,0,0,1,0
6012,0,0,0,0,0,1,0
6013,0,0,0,0,0,1,0
6014,0,0,0,0,0,1,0
6015,0,0,0,0,0,1,0
6016,0,0,0,0,0,1,0
6017,0,0,0,0,0,1,0
6018,0,0,0,0,0,1,0
6019,0,0,0,0,0,1,0
6020,0,0,0,0,0,1,0
6021,0,0,0,0,0,1,0
6022,0,0,0,0,0,1,0
6023,0,0,0,0,0,1,0
6024,0,0,0,0,0,1,0
6025,0,0,0,0,0,1,0
6026,0,0,0,0,0,1,0
6027,0,0,0,0,0,1,0
6028,0,0,0,0,0,1,0
6029,0,0,0,0,0,1,0
6030,0,0,0,0,0,1,0
6031,0,0,0,0,0,1,0
6032,0,0,0,0,0,1,0
6033,0,0,0,0,0,1,0
6034,0,0,0,0,0,1,0
6035,0,0,0,0,0,1,0
6036,0,0,0,0,0,1,0
6037,0,0,0,0,0,1,0
6038,0,0,0,0,0,1,0
6039,0,0,0,0,0,1,0
6040,0,0,0,0,0,1,0
6041,0,0,0,0,0,1,0
6042,0,0,0,0,0,1,0
6043,0,0,0,0,0,1,0
6044,0,0,0,0,0,1,0
6045,0,0,0,0,0,1,0
6046,0,0,0,0,0,1,0
6047,0,0,0,0,0,1,0
6048,0,0,0,0,0,1,0
6049,0,0,0,0,0,1,0
6050,0,0,0,0,0,1,0
6051,0,0,0,0,0,1,0
6052,0,0,0,0,0,1,0
6053,0,0,0,0,0,1,0
6054,0,0,0,0,0,1,0
6055,0,0,0,0,0,1,0
6056,0,0,0,0,0,1,0
6057,0,0,0,0,0,1,0
6058,0,0,0,0,0,1,0
6059,0,0,0,0,0,1,0
6060,0,0,0,0,0,1,0
6061,0,0,0,0,0,1,0
6062,0,0,0,0,0,1,0
6063,0,0,0,0,0,1,0
6064,0,0,0,0,0,1,0
6065,0,0,0,0,0,1,0
6066,0,0,0,0,0,1,0
6067,0,0,0,0,0,1,0
6068,0,0,0,0,0,1,0
6069,0,0,0,0,0,1,0
6070,0,0,0,0,0,1,0
6071,0,0,0,0,0,1,0
6072,0,0,0,0,0,1,0
6073,0,0,0,0,0,1,0
6074,0,0,0,0,0,1,0
6075,0,0,0,0,0,1,0
6076,0,0,0,0,0,1,0
6077,0,0,0,0,0,1,0
6078,0,0,0,0,0,1,0
6079,0,0,0,0,0,1,0
6080,0,0,0,0,0,1,0
6081,0,0,0,0,0,1,0
6082,0,0,0,0,0,1,0
6083,0,0,0,0,0,1,0
6084,0,0,0,0,0,1,0
6085,0,0,0,0,0,1,0
6086,0,0,0,0,0,1,0
6087,0,0,0,0,0,1,0
6088,0,0,0,0,0,1,0
6089,0,0,0,0,0,1,0
6090,0,0,0,0,0,1,0
6091,0,0,0,0,0,1,0
6092,0,0,0,0,0,1,0
6093,0,0,0,0,0,1,0
6094,0,0,0,0,0,1,0
6095,0,0,0,0,0,1,0
6096,0,0,0,0,0,1,0
6097,0,0,0,0,0,1,0
6098,0,0,0,0,0,1,0
6099,0,0,0,0,0,1,0
6100,0,0,0,0,0,1,0
6101,0,0,0,0,0,1,0
6102,0,0,0,0,0,1,0
6103,0,0,0,0,0,1,0
6104,0,0,0,0,0,1,0
6105,0,0,0,0,0,1,0
6106,0,0,0,0,0,1,0
6107,0,0,0,0,0,1,0
6108,0,0,0,0,0,1,0
6109,0,0,0,0,0,1,0
6110,0,0,0,0,0,1,0
6111,0,0,0,0,0,1,0
6112,0,0,0,0,0,1,0
6113,0,0,0,0,0,1,0
6114,0,0,0,0,0,1,0
6115,0,0,0,0,0,1,0
6116,0,0,0,0,0,1,0
6117,0,0,0,0,0,1,0
6118,0,0,0,0,0,1,0
6119,0,0,0,0,0,1,0
6120,0,0,0,0,0,1,0
6121,0,0,0,0,0,1,0
6122,0,0,0,0,0,1,0
6123,0,0,0,0,0,1,0
6124,0,0,0,0,0,1,0
6125,0,0,0,0,0,1,0
6126,0,0,0,0,0,1,0
6127,0,0,0,0,0,1,0
6128,0,0,0,0,0,1,0
6129,0,0,0,0,0,1,0
6130,0,0,0,0,0,1,0
6131,0,0,0,0,0,1,0
6132,0,0,0,0,0,1,0
6571,0,0,0,0,0,0,1
6572,0,0,0,0,0,0,1
6573,0,0,0,0,0,0,1
6574,0,0,0,0,0,0,1
6575,0,0,0,0,0,0,1
6576,0,0,0,0,0,0,1
6577,0,0,0,0,0,0,1
6578,0,0,0,0,0,0,1
6579,0,0,0,0,0,0,1
6580,0,0,0,0,0,0,1
6581,0,0,0,0,0,0,1
6582,0,0,0,0,0,0,1
6583,0,0,0,0,0,0,1
6584,0,0,0,0,0,0,1
6585,0,0,0,0,0,0,1
6586,0,0,0,0,0,0,1
6587,0,0,0,0,0,0,1
6588,0,0,0,0,0,0,1
6589,0,0,0,0,0,0,1
6590,0,0,0,0,0,0,1
6591,0,0,0,0,0,0,1
6592,0,0,0,0,0,0,1
6593,0,0,0,0,0,0,1
6594,0,0,0,0,0,0,1
6595,0,0,0,0,0,0,1
6596,0,0,0,0,0,0,1
6597,0,0,0,0,0,0,1
6598,0,0,0,0,0,0,1
6599,0,0,0,0,0,0,1
6600,0,0,0,0,0,0,1
6601,0,0,0,0,0,0,1
6602,0,0,0,0,0,0,1
6603,0,0,0,0,0,0,1
6604,0,0,0,0,0,0,1
6605,0,0,0,0,0,0,1
6606,0,0,0,0,0,0,1
6607,0,0,0,0,0,0,1
6608,0,0,0,0,0,0,1
6609,0,0,0,0,0,0,1
6610,0,0,0,0,0,0,1
6611,0,0,0,0,0,0,1
6612,0,0,0,0,0,0,1
6613,0,0,0,0,0,0,1
6614,0,0,0,0,0,0,1
6615,0,0,0,0,0,0,1
6616,0,0,0,0,0,0,1
6617,0,0,0,0,0,0,1
6618,0,0,0,0,0,0,1
6619,0,0,0,0,0,0,1
6620,0,0,0,0,0,0,1
6621,0,0,0,0,0,0,1
6622,0,0,0,0,0,0,1
6623,0,0,0,0,0,0,1
6624,0,0,0,0,0,0,1
6625,0,0,0,0,0,0,1
6626,0,0,0,0,0,0,1
6627,0,0,0,0,0,0,1
6628,0,0,0,0,0,0,1
6629,0,0,0,0,0,0,1
6630,0,0,0,0,0,0,1
6631,0,0,0,0,0,0,1
6632,0,0,0,0,0,0,1
6633,0,0,0,0,0,0,1
6634,0,0,0,0,0,0,1
6635,0,0,0,0,0,0,1
6636,0,0,0,0,0,0,1
6637,0,0,0,0,0,0,1
6638,0,0,0,0,0,0,1
6639,0,0,0,0,0,0,1
6640,0,0,0,0,0,0,1
6641,0,0,0,0,0,0,1
6642,0,0,0,0,0,0,1
6643,0,0,0,0,0,0,1
6644,0,0,0,0,0,0,1
6645,0,0,0,0,0,0,1
6646,0,0,0,0,0,0,1
6647,0,0,0,0,0,0,1
6648,0,0,0,0,0,0,1
6649,0,0,0,0,0,0,1
6650,0,0,0,0,0,0,1
6651,0,0,0,0,0,0,1
6652,0,0,0,0,0,0,1
6653,0,0,0,0,0,0,1
6654,0,0,0,0,0,0,1
6655,0,0,0,0,0,0,1
6656,0,0,0,0,0,0,1
6657,0,0,0,0,0,0,1
6658,0,0,0,0,0,0,1
6659,0,0,0,0,0,0,1
6660,0,0,0,0,0,0,1
6661,0,0,0,0,0,0,1
6662,0,0,0,0,0,0,1
6663,0,0,0,0,0,0,1
6664,0,0,0,0,0,0,1
6665,0,0,0,0,0,0,1
6666,0,0,0,0,0,0,1
6667,0,0,0,0,0,0,1
6668,0,0,0,0,0,0,1
6669,0,0,0,0,0,0,1
6670,0,0,0,0,0,0,1
6671,0,0,0,0,0,0,1
6672,0,0,0,0,0,0,1
6673,0,0,0,0,0,0,1
6674,0,0,0,0,0,0,1
6675,0,0,0,0,0,0,1
6676,0,0,0,0,0,0,1
6677,0,0,0,0,0,0,1
6678,0,0,0,0,0,0,1
6679,0,0,0,0,0,0,1
6680,0,0,0,0,0,0,1
6681,0,0,0,0,0,0,1
6682,0,0,0,0,0,0,1
6683,0,0,0,0,0,0,1
6684,0,0,0,0,0,0,1
6685,0,0,0,0,0,0,1
6686,0,0,0,0,0,0,1
6687,0,0,0,0,0,0,1
6688,0,0,0,0,0,0,1
6689,0,0,0,0,0,0,1
6690,0,0,0,0,0,0,1
6691,0,0,0,0,0,0,1
6692,0,0,0,0,0,0,1
6693,0,0,0,0,0,0,1
6694,0,0,0,0,0,0,1
6695,0,0,0,0,0,0,1
6696,0,0,0,0,0,0,1
6697,0,0,0,0,0,0,1
6698,0,0,0,0,0,0,1
6699,0,0,0,0,0,0,1
6700,0,0,0,0,0,0,1
6701,0,0,0,0,0,0,1
6702,0,0,0,0,0,0,1
6703,0,0,0,0,0,0,1
6704,0,0,0,0,0,0,1
6705,0,0,0,0,0,0,1
6706,0,0,0,0,0,0,1
6707,0,0,0,0,0,0,1
6708,0,0,0,0,0,0,1
6709,0,0,0,0,0,0,1
6710,0,0,0,0,0,0,1
6711,0,0,0,0,0,0,1
6712,0,0,0,0,0,0,1
6713,0,0,0,0,0,0,1
6714,0,0,0,0,0,0,1
6715,0,0,0,0,0,0,1
6716,0,0,0,0,0,0,1
6717,0,0,0,0,0,0,1
6718,0,0,0,0,0,0,1
6719,0,0,0,0,0,0,1
6720,0,0,0,0,0,0,1
6721,0,0,0,0,0,0,1
6722,0,0,0,0,0,0,1
6723,0,0,0,0,0,0,1
6724,0,0,0,0,0,0,1
6725,0,0,0,0,0,0,1
6726,0,0,0,0,0,0,1
6727,0,0,0,0,0,0,1
6728,0,0,0,0,0,0,1
6729,0,0,0,0,0,0,1
6730,0,0,0,0,0,0,1
6731,0,0,0,0,0,0,1
6732,0,0,0,0,0,0,1
6733,0,0,0,0,0,0,1
6734,0,0,0,0,0,0,1
6735,0,0,0,0,0,0,1
6736,0,0,0,0,0,0,1
6737,0,0,0,0,0,0,1
6738,0,0,0,0,0,0,1
6739,0,0,0,0,0,0,1
6740,0,0,0,0,0,0,1
6741,0,0,0,0,0,0,1
6742,0,0,0,0,0,0,1
6743,0,0,0,0,0,0,1
6744,0,0,0,0,0,0,1
6745,0,0,0,0,0,0,1
6746,0,0,0,0,0,0,1
6747,0,0,0,0,0,0,1
6748,0,0,0,0,0,0,1
6749,0,0,0,0,0,0,1
6750,0,0,0,0,0,0,1
6751,0,0,0,0,0,0,1
6752,0,0,0,0,0,0,1
6753,0,0,0,0,0,0,1
6754,0,0,0,0,0,0,1
6755,0,0,0,0,0,0,1
6756,0,0,0,0,0,0,1
6757,0,0,0,0,0,0,1
6758,0,0,0,0,0,0,1
6759,0,0,0,0,0,0,1
6760,0,0,0,0,0,0,1
6761,0,0,0,0,0,0,1
6762,0,0,0,0,0,0,1
6763,0,0,0,0,0,0,1
6764,0,0,0,0,0,0,1
6765,0,0,0,0,0,0,1
6766,0,0,0,0,0,0,1
6767,0,0,0,0,0,0,1
6768,0,0,0,0,0,0,1
6769,0,0,0,0,0,0,1
6770,0,0,0,0,0,0,1
6771,0,0,0,0,0,0,1
6772,0,0,0,0,0,0,1
6773,0,0,0,0,0,0,1
6774,0,0,0,0,0,0,1
6775,0,0,0,0,0,0,1
6776,0,0,0,0,0,0,1
6777,0,0,0,0,0,0,1
6778,0,0,0,0,0,0,1
6779,0,0,0,0,0,0,1
6780,0,0,0,0,0,0,1
6781,0,0,0,0,0,0,1
6782,0,0,0,0,0,0,1
6783,0,0,0,0,0,0,1
6784,0,0,0,0,0,0,1
6785,0,0,0,0,0,0,1
6786,0,0,0,0,0,0,1
6787,0,0,0,0,0,0,1
6788,0,0,0,0,0,0,1
6789,0,0,0,0,0,0,1
6790,0,0,0,0,0,0,1
6791,0,0,0,0,0,0,1
6792,0,0,0,0,0,0,1
6793,0,0,0,0,0,0,1
6794,0,0,0,0,0,0,1
6795,0,0,0,0,0,0,1
6796,0,0,0,0,0,0,1
6797,0,0,0,0,0,0,1
6798,0,0,0,0,0,0,1
6799,0,0,0,0,0,0,1
6800,0,0,0,0,0,0,1
6801,0,0,0,0,0,0,1
6802,0,0,0,0,0,0,1
6803,0,0,0,0,0,0,1
6804,0,0,0,0,0,0,1
6805,0,0,0,0,0,0,1
6806,0,0,0,0,0,0,1
6807,0,0,0,0,0,0,1
6808,0,0,0,0,0,0,1
6809,0,0,0,0,0,0,1
6810,0,0,0,0,0,0,1
6811,0,0,0,0,0,0,1
6812,0,0,0,0,0,0,1
6813,0,0,0,0,0,0,1
6814,0,0,0,0,0,0,1
6815,0,0,0,0,0,0,1
6816,0,0,0,0,0,0,1
6817,0,0,0,0,0,0,1
6818,0,0,0,0,0,0,1
6819,0,0,0,0,0,0,1
6820,0,0,0,0,0,0,1
6821,0,0,0,0,0,0,1
6822,0,0,0,0,0,0,1
6823,0,0,0,0,0,0,1
6824,0,0,0,0,0,0,1
6825,0,0,0,0,0,0,1
6826,0,0,0,0,0,0,1
6827,0,0,0,0,0,0,1
6828,0,0,0,0,0,0,1
6829,0,0,0,0,0,0,1
6830,0,0,0,0,0,0,1
6831,0,0,0,0,0,0,1
6832,0,0,0,0,0,0,1
6833,0,0,0,0,0,0,1
6834,0,0,0,0,0,0,1
6835,0,0,0,0,0,0,1
6836,0,0,0,0,0,0,1
6837,0,0,0,0,0,0,1
6838,0,0,0,0,0,0,1
6839,0,0,0,0,0,0,1
6840,0,0,0,0,0,0,1
6841,0,0,0,0,0,0,1
6842,0,0,0,0,0,0,1
6843,0,0,0,0,0,0,1
6844,0,0,0,0,0,0,1
6845,0,0,0,0,0,0,1
6846,0,0,0,0,0,0,1
6847,0,0,0,0,0,0,1
6848,0,0,0,0,0,0,1
6849,0,0,0,0,0,0,1
6850,0,0,0,0,0,0,1
6851,0,0,0,0,0,0,1
6852,0,0,0,0,0,0,1
6853,0,0,0,0,0,0,1
6854,0,0,0,0,0,0,1
6855,0,0,0,0,0,0,1
6856,0,0,0,0,0,0,1
6857,0,0,0,0,0,0,1
6858,0,0,0,0,0,0,1
6859,0,0,0,0,0,0,1
6860,0,0,0,0,0,0,1
6861,0,0,0,0,0,0,1
6862,0,0,0,0,0,0,1
6863,0,0,0,0,0,0,1
6864,0,0,0,0,0,0,1
6865,0,0,0,0,0,0,1
6866,0,0,0,0,0,0,1
6867,0,0,0,0,0,0,1
6868,0,0,0,0,0,0,1
6869,0,0,0,0,0,0,1
6870,0,0,0,0,0,0,1
6871,0,0,0,0,0,0,1
6872,0,0,0,0,0,0,1
6873,0,0,0,0,0,0,1
6874,0,0,0,0,0,0,1
6875,0,0,0,0,0,0,1
6876,0,0,0,0,0,0,1
6877,0,0,0,0,0,0,1
6878,0,0,0,0,0,0,1
6879,0,0,0,0,0,0,1
6880,0,0,0,0,0,0,1
6881,0,0,0,0,0,0,1
6882,0,0,0,0,0,0,1
6883,0,0,0,0,0,0,1
6884,0,0,0,0,0,0,1
6885,0,0,0,0,0,0,1
6886,0,0,0,0,0,0,1
6887,0,0,0,0,0,0,1
6888,0,0,0,0,0,0,1
6889,0,0,0,0,0,0,1
6890,0,0,0,0,0,0,1
6891,0,0,0,0,0,0,1
6892,0,0,0,0,0,0,1
6893,0,0,0,0,0,0,1
6894,0,0,0,0,0,0,1
6895,0,0,0,0,0,0,1
6896,0,0,0,0,0,0,1
6897,0,0,0,0,0,0,1
6898,0,0,0,0,0,0,1
6899,0,0,0,0,0,0,1
6900,0,0,0,0,0,0,1
6901,0,0,0,0,0,0,1
6902,0,0,0,0,0,0,1
6903,0,0,0,0,0,0,1
6904,0,0,0,0,0,0,1
6905,0,0,0,0,0,0,1
6906,0,0,0,0,0,0,1
6907,0,0,0,0,0,0,1
6908,0,0,0,0,0,0,1
6909,0,0,0,0,0,0,1
6910,0,0,0,0,0,0,1
6911,0,0,0,0,0,0,1
6912,0,0,0,0,0,0,1
6913,0,0,0,0,0,0,1
6914,0,0,0,0,0,0,1
6915,0,0,0,0,0,0,1
6916,0,0,0,0,0,0,1
6917,0,0,0,0,0,0,1
6918,0,0,0,0,0,0,1
6919,0,0,0,0,0,0,1
6920,0,0,0,0,0,0,1
6921,0,0,0,0,0,0,1
6922,0,0,0,0,0,0,1
6923,0,0,0,0,0,0,1
6924,0,0,0,0,0,0,1
6925,0,0,0,0,0,0,1
6926,0,0,0,0,0,0,1
6927,0,0,0,0,0,0,1
6928,0,0,0,0,0,0,1
6929,0,0,0,0,0,0,1
6930,0,0,0,0,0,0,1
6931,0,0,0,0,0,0,1
6932,0,0,0,0,0,0,1
6933,0,0,0,0,0,0,1
6934,0,0,0,0,0,0,1
6935,0,0,0,0,0,0,1
6936,0,0,0,0,0,0,1
6937,0,0,0,0,0,0,1
6938,0,0,0,0,0,0,1
6939,0,0,0,0,0,0,1
6940,0,0,0,0,0,0,1
6941,0,0,0,0,0,0,1
6942,0,0,0,0,0,0,1
6943,0,0,0,0,0,0,1
6944,0,0,0,0,0,0,1
6945,0,0,0,0,0,0,1
6946,0,0,0,0,0,0,1
6947,0,0,0,0,0,0,1
6948,0,0,0,0,0,0,1
6949,0,0,0,0,0,0,1
6950,0,0,0,0,0,0,1
6951,0,0,0,0,0,0,1
6952,0,0,0,0,0,0,1
6953,0,0,0,0,0,0,1
6954,0,0,0,0,0,0,1
6955,0,0,0,0,0,0,1
6956,0,0,0,0,0,0,1
6957,0,0,0,0,0,0,1
6958,0,0,0,0,0,0,1
6959,0,0,0,0,0,0,1
6960,0,0,0,0,0,0,1
6961,0,0,0,0,0,0,1
6962,0,0,0,0,0,0,1
6963,0,0,0,0,0,0,1
6964,0,0,0,0,0,0,1
6965,0,0,0,0,0,0,1
6966,0,0,0,0,0,0,1
6967,0,0,0,0,0,0,1
6968,0,0,0,0,0,0,1
6969,0,0,0,0,0,0,1
6970,0,0,0,0,0,0,1
6971,0,0,0,0,0,0,1
6972,0,0,0,0,0,0,1
6973,0,0,0,0,0,0,1
6974,0,0,0,0,0,0,1
6975,0,0,0,0,0,0,1
6976,0,0,0,0,0,0,1
6977,0,0,0,0,0,0,1
6978,0,0,0,0,0,0,1
6979,0,0,0,0,0,0,1
6980,0,0,0,0,0,0,1
6981,0,0,0,0,0,0,1
6982,0,0,0,0,0,0,1
6983,0,0,0,0,0,0,1
6984,0,0,0,0,0,0,1
6985,0,0,0,0,0,0,1
6986,0,0,0,0,0,0,1
6987,0,0,0,0,0,0,1
6988,0,0,0,0,0,0,1
6989,0,0,0,0,0,0,1
6990,0,0,0,0,0,0,1
6991,0,0,0,0,0,0,1
6992,0,0,0,0,0,0,1
6993,0,0,0,0,0,0,1
6994,0,0,0,0,0,0,1
6995,0,0,0,0,0,0,1
6996,0,0,0,0,0,0,1
6997,0,0,0,0,0,0,1
6998,0,0,0,0,0,0,1
6999,0,0,0,0,0,0,1
7000,0,0,0,0,0,0,1
7001,0,0,0,0,0,0,1
7002,0,0,0,0,0,0,1
7003,0,0,0,0,0,0,1
7004,0,0,0,0,0,0,1
7005,0,0,0,0,0,0,1
7006,0,0,0,0,0,0,1
7007,0,0,0,0,0,0,1
7008,0,0,0,0,0,0,1
7009,0,0,0,0,0,0,1
7010,0,0,0,0,0,0,1
7011,0,0,0,0,0,0,1
7012,0,0,0,0,0,0,1
7013,0,0,0,0,0,0,1
7014,0,0,0,0,0,0,1
7015,0,0,0,0,0,0,1
7016,0,0,0,0,0,0,1
7017,0,0,0,0,0,0,1
7018,0,0,0,0,0,0,1
7019,0,0,0,0,0,0,1
7020,0,0,0,0,0,0,1
7021,0,0,0,0,0,0,1
7022,0,0,0,0,0,0,1
7023,0,0,0,0,0,0,1
7024,0,0,0,0,0,0,1
7025,0,0,0,0,0,0,1
7026,0,0,0,0,0,0,1
7027,0,0,0,0,0,0,1
7028,0,0,0,0,0,0,1
7029,0,0,0,0,0,0,1
7030,0,0,0,0,0,0,1
7031,0,0,0,0,0,0,1
7032,0,0,0,0,0,0,1
7033,0,0,0,0,0,0,1
7034,0,0,0,0,0,0,1
7035,0,0,0,0,0,0,1
7036,0,0,0,0,0,0,1
7037,0,0,0,0,0,0,1
7038,0,0,0,0,0,0,1
7039,0,0,0,0,0,0,1
7040,0,0,0,0,0,0,1
7041,0,0,0,0,0,0,1
7042,0,0,0,0,0,0,1
7043,0,0,0,0,0,0,1
7044,0,0,0,0,0,0,1
7045,0,0,0,0,0,0,1
7046,0,0,0,0,0,0,1
7047,0,0,0,0,0,0,1
7048,0,0,0,0,0,0,1
7049,0,0,0,0,0,0,1
7050,0,0,0,0,0,0,1
7051,0,0,0,0,0,0,1
7052,0,0,0,0,0,0,1
7053,0,0,0,0,0,0,1
7054,0,0,0,0,0,0,1
7055,0,0,0,0,0,0,1
7056,0,0,0,0,0,0,1
7057,0,0,0,0,0,0,1
7058,0,0,0,0,0,0,1
7059,0,0,0,0,0,0,1
7060,0,0,0,0,0,0,1
7061,0,0,0,0,0,0,1
7062,0,0,0,0,0,0,1
7063,0,0,0,0,0,0,1
7064,0,0,0,0,0,0,1
7065,0,0,0,0,0,0,1
7066,0,0,0,0,0,0,1
7067,0,0,0,0,0,0,1
7068,0,0,0,0,0,0,1
7069,0,0,0,0,0,0,1
7070,0,0,0,0,0,0,1
7071,0,0,0,0,0,0,1
7072,0,0,0,0,0,0,1
7073,0,0,0,0,0,0,1
7074,0,0,0,0,0,0,1
7075,0,0,0,0,0,0,1
7076,0,0,0,0,0,0,1
7077,0,0,0,0,0,0,1
7078,0,0,0,0,0,0,1
7079,0,0,0,0,0,0,1
7080,0,0,0,0,0,0,1
7081,0,0,0,0,0,0,1
7082,0,0,0,0,0,0,1
7083,0,0,0,0,0,0,1
7084,0,0,0,0,0,0,1
7085,0,0,0,0,0,0,1
7086,0,0,0,0,0,0,1
7087,0,0,0,0,0,0,1
7088,0,0,0,0,0,0,1
7089,0,0,0,0,0,0,1
7090,0,0,0,0,0,0,1
7091,0,0,0,0,0,0,1
7092,0,0,0,0,0,0,1
7093,0,0,0,0,0,0,1
7094,0,0,0,0,0,0,1
7095,0,0,0,0,0,0,1
7096,0,0,0,0,0,0,1
7097,0,0,0,0,0,0,1
7098,0,0,0,0,0,0,1
7099,0,0,0,0,0,0,1
7100,0,0,0,0,0,0,1
7101,0,0,0,0,0,0,1
7102,0,0,0,0,0,0,1
7103,0,0,0,0,0,0,1
7104,0,0,0,0,0,0,1
7105,0,0,0,0,0,0,1
7106,0,0,0,0,0,0,1
7107,0,0,0,0,0,0,1
7108,0,0,0,0,0,0,1
7109,0,0,0,0,0,0,1
7110,0,0,0,0,0,0,1
7111,0,0,0,0,0,0,1
7112,0,0,0,0,0,0,1
7113,0,0,0,0,0,0,1
7114,0,0,0,0,0,0,1
7115,0,0,0,0,0,0,1
7116,0,0,0,0,0,0,1
7117,0,0,0,0,0,0,1
7118,0,0,0,0,0,0,1
7119,0,0,0,0,0,0,1
7120,0,0,0,0,0,0,1
7121,0,0,0,0,0,0,1
7122,0,0,0,0,0,0,1
7123,0,0,0,0,0,0,1
7124,0,0,0,0,0,0,1
7125,0,0,0,0,0,0,1
7126,0,0,0,0,0,0,1
7127,0,0,0,0,0,0,1
7128,0,0,0,0,0,0,1
7129,0,0,0,0,0,0,1
7130,0,0,0,0,0,0,1
7131,0,0,0,0,0,0,1
7132,0,0,0,0,0,0,1
7133,0,0,0,0,0,0,1
7134,0,0,0,0,0,0,1
7135,0,0,0,0,0,0,1
7136,0,0,0,0,0,0,1
7137,0,0,0,0,0,0,1
7138,0,0,0,0,0,0,1
7139,0,0,0,0,0,0,1
7140,0,0,0,0,0,0,1
7141,0,0,0,0,0,0,1
7142,0,0,0,0,0,0,1
7143,0,0,0,0,0,0,1
7144,0,0,0,0,0,0,1
7145,0,0,0,0,0,0,1
7146,0,0,0,0,0,0,1
7147,0,0,0,0,0,0,1
7148,0,0,0,0,0,0,1
7149,0,0,0,0,0,0,1
7150,0,0,0,0,0,0,1
7151,0,0,0,0,0,0,1
7152,0,0,0,0,0,0,1
7153,0,0,0,0,0,0,1
7154,0,0,0,0,0,0,1
7155,0,0,0,0,0,0,1
7156,0,0,0,0,0,0,1
7157,0,0,0,0,0,0,1
7158,0,0,0,0,0,0,1
7159,0,0,0,0,0,0,1
7160,0,0,0,0,0,0,1
7161,0,0,0,0,0,0,1
7162,0,0,0,0,0,0,1
7163,0,0,0,0,0,0,1
7164,0,0,0,0,0,0,1
7165,0,0,0,0,0,0,1
7166,0,0,0,0,0,0,1
7167,0,0,0,0,0,0,1
7168,0,0,0,0,0,0,1
7169,0,0,0,0,0,0,1
7170,0,0,0,0,0,0,1
7171,0,0,0,0,0,0,1
7172,0,0,0,0,0,0,1
7173,0,0,0,0,0,0,1
7174,0,0,0,0,0,0,1
7175,0,0,0,0,0,0,1
7176,0,0,0,0,0,0,1
7177,0,0,0,0,0,0,1
7178,0,0,0,0,0,0,1
7179,0,0,0,0,0,0,1
7180,0,0,0,0,0,0,1
7181,0,0,0,0,0,0,1
7182,0,0,0,0,0,0,1
7183,0,0,0,0,0,0,1
7184,0,0,0,0,0,0,1
7185,0,0,0,0,0,0,1
7186,0,0,0,0,0,0,1
7187,0,0,0,0,0,0,1
7188,0,0,0,0,0,0,1
7189,0,0,0,0,0,0,1
7190,0,0,0,0,0,0,1
7191,0,0,0,0,0,0,1
7192,0,0,0,0,0,0,1
7193,0,0,0,0,0,0,1
7194,0,0,0,0,0,0,1
7195,0,0,0,0,0,0,1
7196,0,0,0,0,0,0,1
7197,0,0,0,0,0,0,1
7198,0,0,0,0,0,0,1
7199,0,0,0,0,0,0,1
7200,0,0,0,0,0,0,1
7201,0,0,0,0,0,0,1
7202,0,0,0,0,0,0,1
7203,0,0,0,0,0,0,1
7204,0,0,0,0,0,0,1
7205,0,0,0,0,0,0,1
7206,0,0,0,0,0,0,1
7207,0,0,0,0,0,0,1
7208,0,0,0,0,0,0,1
7209,0,0,0,0,0,0,1
7210,0,0,0,0,0,0,1
7211,0,0,0,0,0,0,1
7212,0,0,0,0,0,0,1
7213,0,0,0,0,0,0,1
7214,0,0,0,0,0,0,1
7215,0,0,0,0,0,0,1
7216,0,0,0,0,0,0,1
7217,0,0,0,0,0,0,1
7218,0,0,0,0,0,0,1
7219,0,0,0,0,0,0,1
7220,0,0,0,0,0,0,1
7221,0,0,0,0,0,0,1
7222,0,0,0,0,0,0,1
7223,0,0,0,0,0,0,1
7224,0,0,0,0,0,0,1
7225,0,0,0,0,0,0,1
7226,0,0,0,0,0,0,1
7227,0,0,0,0,0,0,1
7228,0,0,0,0,0,0,1
